"observer","block","feature","n","distractor_no","rt","accuracy"
32,"2b",1,0,4,0.7265,1
32,"2c",1,1,19,0.7844,1
32,"2c",3,2,19,0.835,1
32,"2c",3,3,1,1.0026,1
32,"2c",3,4,9,1.0193,1
32,"2a",3,5,19,1.0496,1
32,"2a",1,6,19,1.1345,1
32,"2b",2,7,19,0.9646,1
32,"2c",2,8,4,0.9857,1
32,"1a",3,9,31,1.0816,1
32,"2c",3,10,9,1.1336,1
32,"2c",3,11,1,4.3012,1
32,"2c",2,12,31,0.7314,1
32,"1a",1,13,31,1.077,1
32,"2a",3,14,1,0.7332,1
32,"2b",3,15,4,0.6687,1
32,"1a",0,16,0,0.6058,1
32,"2b",3,17,31,0.8997,1
32,"1a",2,18,31,0.6621,1
32,"2b",2,19,9,0.8375,1
32,"2a",1,20,9,0.5852,1
32,"2a",1,21,4,1.154,1
32,"2a",2,22,9,0.5968,1
32,"2b",0,23,0,0.6206,1
32,"2b",1,24,19,0.8521,1
32,"2b",2,25,1,0.5526,1
32,"2c",2,26,19,0.5494,1
32,"2a",3,27,31,0.8162,1
32,"2c",1,28,4,0.6538,1
32,"2a",2,29,9,0.599,1
32,"2c",2,30,31,0.97,1
32,"2a",2,31,19,0.6445,1
32,"1a",2,32,4,0.5337,1
32,"2c",2,33,4,0.703,1
32,"2c",3,34,1,0.8011,1
32,"2c",3,35,31,0.9855,1
32,"2b",3,36,19,0.7514,1
32,"2b",1,37,9,0.9352,1
32,"1a",3,38,1,0.7864,1
32,"2a",0,39,0,0.6196,1
32,"1a",0,40,0,0.6212,1
32,"2c",3,41,31,0.6009,1
32,"1a",3,42,1,0.7027,1
32,"2a",1,43,19,0.768,1
32,"2a",3,44,4,0.5364,1
32,"2c",0,45,0,0.6044,1
32,"2b",0,46,0,0.5843,1
32,"2a",2,47,19,1.6128,1
32,"1a",2,48,1,0.8208,1
32,"2b",2,49,9,0.7333,1
32,"2c",3,50,9,0.6343,1
32,"1a",3,51,4,0.9356,1
32,"2b",0,52,0,0.5856,1
32,"1a",2,53,19,0.6489,1
32,"2a",1,54,31,1.2334,1
32,"2a",0,55,0,0.6674,1
32,"2c",2,56,1,0.8542,1
32,"1a",2,57,4,0.7683,1
32,"2c",1,58,9,0.5502,1
32,"2c",1,59,19,0.7185,1
32,"2b",2,60,31,0.9681,1
32,"1a",2,61,1,0.6393,1
32,"2c",2,62,31,0.9169,1
32,"1a",2,63,4,0.9027,0
32,"1a",3,64,4,0.7026,1
32,"2a",3,65,9,1.2861,0
32,"1a",2,66,1,0.9035,1
32,"2c",2,67,19,0.7654,1
32,"1a",2,68,19,1.0763,1
32,"2c",3,69,31,0.8644,1
32,"2c",2,70,1,0.7707,1
32,"2b",0,71,0,0.7368,1
32,"2a",0,72,0,0.571,1
32,"1a",1,73,4,0.9203,1
32,"2b",2,74,1,0.8191,1
32,"1a",2,75,1,1.0816,1
32,"2a",3,76,4,0.7349,1
32,"1a",1,77,19,1.267,1
32,"2a",1,78,19,0.8686,1
32,"1a",3,79,9,0.6319,1
32,"2a",1,80,31,0.7831,1
32,"2c",1,81,1,0.7887,1
32,"2b",1,82,19,0.733,1
32,"2c",0,83,0,0.6688,1
32,"2c",3,84,19,0.8658,1
32,"1a",3,85,9,0.7497,1
32,"2c",1,86,4,0.9202,1
32,"1a",2,87,19,0.6969,1
32,"2c",2,88,1,0.639,1
32,"2b",3,89,19,0.6348,1
32,"2c",3,90,1,0.6696,1
32,"2c",2,91,1,0.9161,1
32,"1a",1,92,9,0.702,1
32,"2a",3,93,31,0.8006,1
32,"1a",1,94,1,1.0872,1
32,"2a",3,95,31,0.6839,1
32,"2c",3,96,19,0.6851,1
32,"1a",1,97,31,0.7484,1
32,"2b",2,98,19,0.6164,1
32,"2a",2,99,19,0.7788,1
32,"2b",3,100,19,0.6538,1
32,"2b",2,101,9,0.9013,1
32,"2c",2,102,4,0.6549,1
32,"2c",2,103,19,1.0351,1
32,"2a",2,104,1,0.6045,1
32,"2c",0,105,0,0.5547,1
32,"2c",1,106,1,0.5192,1
32,"2b",2,107,4,0.5373,1
32,"2a",3,108,19,0.7511,1
32,"2b",3,109,9,0.7519,1
32,"2a",1,110,31,0.6175,1
32,"2b",1,111,4,0.8683,1
32,"2b",3,112,31,1.1012,1
32,"1a",1,113,1,1.1025,1
32,"2c",3,114,4,1.0202,1
32,"1a",1,115,31,1.1468,1
32,"2b",0,116,0,1.201,1
32,"1a",3,117,31,0.5814,1
32,"2b",3,118,1,0.486,1
32,"2c",0,119,0,0.6189,1
32,"2c",1,120,4,0.6038,1
32,"2c",2,121,19,0.6348,1
32,"2a",3,122,1,0.8041,1
32,"2a",2,123,19,0.646,1
32,"2c",0,124,0,0.7043,1
32,"2c",0,125,0,0.5365,1
32,"1a",2,126,31,0.813,1
32,"1a",1,127,31,0.7792,1
32,"2a",3,128,19,0.935,1
32,"1a",3,129,9,0.6013,1
32,"1a",1,130,9,0.6008,1
32,"2b",1,131,31,0.6155,1
32,"2c",1,132,9,0.6357,1
32,"2b",0,133,0,0.7046,1
32,"1a",2,134,31,0.6454,1
32,"1a",3,135,9,0.8506,1
32,"1a",1,136,9,0.736,1
32,"1a",3,137,1,0.6684,1
32,"1a",3,138,31,0.5789,1
32,"2c",2,139,9,0.5187,1
32,"2c",1,140,9,0.5673,1
32,"2a",2,141,4,0.704,1
32,"2b",1,142,4,0.7192,1
32,"1a",3,143,1,0.5528,1
32,"1a",0,144,0,0.5547,1
32,"1a",3,145,9,0.716,1
32,"2c",1,146,19,0.6348,1
32,"2a",1,147,1,0.7031,1
32,"2c",1,148,31,0.698,1
32,"1a",1,149,9,0.7019,1
32,"2b",2,150,4,0.5536,1
32,"2a",2,151,4,0.9032,1
32,"2c",3,152,1,0.6351,1
32,"2c",2,153,9,0.5668,1
32,"1a",3,154,1,0.5701,0
32,"2a",1,155,19,0.6162,1
32,"2a",1,156,19,0.7694,1
32,"2b",3,157,1,0.5683,1
32,"2a",2,158,19,0.6105,1
32,"1a",3,159,19,0.7166,1
32,"2c",3,160,31,0.733,1
32,"2a",2,161,1,0.6547,1
32,"1a",1,162,31,0.7967,1
32,"2b",2,163,1,0.637,1
32,"2b",1,164,1,0.721,1
32,"2c",2,165,4,0.6167,1
32,"2c",2,166,19,0.7881,1
32,"1a",2,167,4,0.5846,1
32,"2a",2,168,9,0.5989,1
32,"2b",2,169,9,0.5868,1
32,"2a",3,170,1,0.5702,1
32,"1a",0,171,0,0.5698,1
32,"2a",2,172,19,0.708,1
32,"2a",3,173,31,0.5333,1
32,"2b",2,174,4,0.483,1
32,"2b",2,175,19,0.7665,1
32,"2c",1,176,19,0.6835,1
32,"1a",1,177,19,0.6807,1
32,"2b",1,178,1,0.7994,1
32,"1a",2,179,19,0.5326,1
32,"2a",0,180,0,0.7183,1
32,"2a",2,181,4,0.4999,1
32,"2a",3,182,19,0.6353,0
32,"2b",1,183,9,2.1331,1
32,"2a",2,184,31,0.8925,1
32,"2c",2,185,1,0.5342,1
32,"2c",3,186,9,0.6646,1
32,"1a",2,187,1,0.7371,1
32,"1a",0,188,0,0.5541,1
32,"2b",3,189,4,0.6158,1
32,"2c",3,190,1,0.4678,1
32,"1a",3,191,4,0.7356,1
32,"1a",3,192,19,0.7465,1
32,"2a",2,193,9,0.8135,1
32,"2b",1,194,1,0.6346,1
32,"2a",2,195,1,0.7051,1
32,"2a",3,196,4,0.718,1
32,"2b",2,197,1,0.5844,1
32,"2a",3,198,4,0.5516,1
32,"2c",1,199,31,0.7002,1
32,"2a",2,200,19,0.5769,1
32,"1a",1,201,9,0.6829,1
32,"1a",1,202,19,0.7134,1
32,"2b",3,203,9,0.5991,1
32,"2c",1,204,19,0.5979,1
32,"1a",1,205,4,0.7024,1
32,"2b",3,206,31,0.6985,1
32,"2c",3,207,4,0.599,1
32,"1a",2,208,31,0.8621,1
32,"2c",3,209,4,0.6347,1
32,"2b",2,210,4,0.6038,1
32,"2c",1,211,9,0.6843,1
32,"2a",2,212,4,0.7169,1
32,"2b",3,213,31,0.5522,1
32,"2b",1,214,31,0.571,1
32,"2a",2,215,1,0.784,1
32,"1a",1,216,1,0.7532,1
32,"1a",3,217,9,0.634,1
32,"2a",1,218,1,0.6358,1
32,"2b",3,219,4,0.8516,1
32,"2a",3,220,19,0.6015,1
32,"2a",3,221,31,0.6312,1
32,"2b",1,222,1,0.6842,1
32,"2a",1,223,9,0.6834,1
32,"2c",1,224,9,0.6894,0
32,"1a",2,225,4,0.9365,1
32,"2c",1,226,1,0.5709,1
32,"1a",2,227,31,0.6303,1
32,"2c",1,228,9,0.6326,1
32,"2b",3,229,9,0.6172,1
32,"2c",1,230,31,0.7998,1
32,"2c",1,231,19,1.3349,1
32,"2b",3,232,1,0.8369,1
32,"2b",2,233,1,1.9875,1
32,"2c",3,234,1,0.618,1
32,"2a",3,235,9,0.6515,1
32,"2c",3,236,1,0.6017,1
32,"2a",3,237,4,0.9,1
32,"1a",3,238,1,0.7543,1
32,"2a",2,239,31,1.0373,1
32,"2b",2,240,19,0.7012,1
32,"2c",2,241,19,0.6508,1
32,"2a",3,242,1,0.6189,1
32,"2b",2,243,9,0.6655,1
32,"2b",1,244,4,0.8025,1
32,"2b",1,245,4,0.7169,1
32,"2c",1,246,19,0.655,1
32,"2a",1,247,4,0.684,1
32,"2b",2,248,9,0.7018,1
32,"2a",3,249,19,0.568,1
32,"2a",3,250,19,0.6007,1
32,"2a",3,251,4,0.7006,1
32,"2a",0,252,0,0.6213,1
32,"2c",2,253,4,0.7189,1
32,"2b",3,254,31,0.6991,0
32,"2a",2,255,9,0.7789,1
32,"1a",3,256,1,0.6218,1
32,"2a",1,257,4,0.6374,1
32,"1a",2,258,19,0.5987,1
32,"2a",3,259,4,0.4852,1
32,"2c",3,260,31,0.9498,1
32,"2b",2,261,9,0.571,1
32,"1a",2,262,31,0.513,1
32,"1a",2,263,31,0.7807,1
32,"2a",0,264,0,0.7872,1
32,"2b",3,265,4,0.6498,1
32,"2c",1,266,9,0.5203,1
32,"2c",2,267,1,0.5232,1
32,"2b",3,268,31,0.5158,1
32,"2b",1,269,31,1.1023,1
32,"2c",2,270,31,0.4998,1
32,"2a",3,271,4,0.5186,1
32,"1a",1,272,4,0.867,1
32,"1a",2,273,31,0.5969,1
32,"2b",3,274,4,0.7355,1
32,"1a",1,275,1,0.5859,1
32,"2b",1,276,1,0.6672,1
32,"1a",3,277,4,0.682,1
32,"1a",3,278,1,0.5873,1
32,"1a",3,279,19,0.8133,1
32,"2b",1,280,31,0.7806,1
32,"2c",2,281,9,0.7007,1
32,"1a",2,282,19,0.6309,1
32,"1a",3,283,4,0.5697,1
32,"2a",3,284,9,0.5663,1
32,"2b",2,285,19,0.6856,1
32,"1a",2,286,1,0.6018,1
32,"2b",1,287,4,0.9202,1
32,"2c",3,288,19,0.6658,1
32,"2a",3,289,19,0.567,1
32,"2c",2,290,4,0.6158,1
32,"1a",3,291,1,0.6717,1
32,"2c",2,292,31,0.6321,0
32,"2a",2,293,4,0.8534,1
32,"2a",2,294,1,0.6846,1
32,"1a",3,295,9,0.6997,1
32,"2b",0,296,0,0.6205,1
32,"2c",1,297,1,0.5683,1
32,"2b",1,298,19,0.5833,1
32,"2a",2,299,1,0.7213,1
32,"2c",2,300,31,0.5506,1
32,"2a",0,301,0,0.5872,1
32,"2c",1,302,1,0.5705,1
32,"2b",0,303,0,0.6217,1
32,"2a",3,304,1,0.5353,1
32,"2a",0,305,0,0.7842,1
32,"2c",0,306,0,0.6733,1
32,"1a",3,307,9,0.8013,1
32,"2a",1,308,9,0.6541,1
32,"2a",1,309,31,0.7374,1
32,"1a",1,310,1,0.6375,1
32,"2a",3,311,31,0.7988,1
32,"2c",2,312,9,0.7354,1
32,"2c",1,313,19,0.6162,1
32,"1a",3,314,9,0.6197,1
32,"2b",1,315,1,0.9038,1
32,"2c",1,316,4,0.7049,1
32,"2b",2,317,4,0.7899,1
32,"2b",2,318,4,0.6555,1
32,"2c",3,319,4,0.5685,1
32,"1a",1,320,1,0.8523,1
32,"1a",1,321,4,0.8029,1
32,"2c",2,322,31,0.8855,1
32,"1a",2,323,9,0.7337,1
32,"2c",3,324,1,0.5697,1
32,"2a",1,325,4,0.7368,1
32,"2c",2,326,9,0.5866,1
32,"2a",3,327,19,0.7179,1
32,"2b",1,328,1,0.6695,1
32,"2a",0,329,0,0.6839,1
32,"2a",2,330,31,0.6254,1
32,"1a",1,331,19,0.8314,1
32,"1a",0,332,0,0.5672,1
32,"2c",0,333,0,0.9058,1
32,"1a",1,334,19,1.4299,1
32,"2b",2,335,19,0.683,1
32,"2a",1,336,31,0.5816,1
32,"1a",3,337,19,0.7831,1
32,"2b",3,338,31,0.5825,1
32,"1a",3,339,31,0.7465,1
32,"1a",1,340,4,0.7194,1
32,"2c",2,341,9,0.6181,1
32,"1a",3,342,31,0.5475,1
32,"1a",3,343,4,0.9196,1
32,"2b",1,344,1,0.6709,1
32,"1a",1,345,31,0.6116,1
32,"2b",2,346,31,0.5676,1
32,"2b",1,347,31,0.5643,1
32,"2a",3,348,9,0.7991,1
32,"2a",1,349,19,0.7341,1
32,"2b",1,350,9,0.5506,1
32,"2a",3,351,1,0.6857,1
32,"2b",3,352,4,0.6541,1
32,"2b",3,353,31,0.5677,1
32,"2a",1,354,9,0.9186,1
32,"2a",2,355,4,0.7712,1
32,"2c",0,356,0,0.5545,1
32,"1a",2,357,9,0.6334,1
32,"2b",1,358,19,0.8028,1
32,"2b",2,359,4,0.7153,1
32,"2a",1,360,9,0.7845,1
32,"2a",1,361,19,0.618,1
32,"2a",3,362,19,0.6135,1
32,"1a",3,363,31,0.6787,1
32,"2a",1,364,4,0.6039,1
32,"2a",1,365,4,0.5695,1
32,"1a",2,366,9,0.6159,1
32,"2c",2,367,1,0.5688,1
32,"2c",0,368,0,0.6857,1
32,"2b",2,369,1,0.5873,1
32,"2b",1,370,19,0.7323,1
32,"1a",2,371,1,0.7377,1
32,"2a",2,372,31,0.8749,1
32,"2b",2,373,19,0.7026,1
32,"2a",3,374,1,0.6704,1
32,"2b",3,375,1,0.6034,1
32,"2a",1,376,9,0.7847,1
32,"1a",1,377,4,0.7149,1
32,"2a",2,378,19,0.6119,1
32,"2a",2,379,4,0.5845,1
32,"1a",3,380,19,0.6966,1
32,"2b",1,381,9,0.5009,1
32,"2b",0,382,0,0.6862,1
32,"1a",0,383,0,0.5558,1
32,"2a",3,384,31,0.8648,1
32,"2c",3,385,31,0.8509,1
32,"2c",3,386,9,0.6352,1
32,"2c",1,387,31,0.5306,1
32,"2a",2,388,4,0.5673,1
32,"2b",2,389,9,0.6688,1
32,"2c",2,390,9,0.7836,1
32,"1a",2,391,19,0.6148,1
32,"2c",0,392,0,0.5336,1
32,"2a",3,393,9,0.7177,1
32,"2c",3,394,31,0.6328,1
32,"2c",1,395,31,0.5662,1
32,"2a",3,396,4,0.6353,1
32,"1a",3,397,31,0.7791,1
32,"2b",2,398,31,0.7995,1
32,"2b",3,399,4,0.6533,1
32,"2b",1,400,4,0.701,1
32,"2a",1,401,4,0.9721,0
32,"1a",1,402,4,0.7004,1
32,"2b",3,403,1,0.7541,1
32,"2c",3,404,4,0.516,1
32,"1a",1,405,9,0.88,1
32,"2a",2,406,19,0.7281,1
32,"2a",2,407,9,0.6505,1
32,"2b",3,408,9,0.6041,1
32,"2b",3,409,31,0.55,1
32,"2a",3,410,9,0.6679,1
32,"2b",3,411,19,0.7314,1
32,"2c",1,412,4,0.7023,1
32,"2b",3,413,4,0.7174,1
32,"2b",1,414,31,1.0796,1
32,"2a",1,415,4,0.7406,1
32,"2a",1,416,31,0.6999,1
32,"2b",3,417,19,0.7187,1
32,"2b",2,418,1,0.4874,1
32,"1a",2,419,4,0.5172,1
32,"2c",2,420,19,0.719,1
32,"2c",1,421,9,0.753,1
32,"2b",3,422,9,0.9033,1
32,"1a",1,423,19,0.8648,1
32,"2b",1,424,1,0.6375,1
32,"1a",0,425,0,0.5683,1
32,"2c",2,426,19,0.5674,1
32,"1a",1,427,9,0.9328,1
32,"1a",3,428,1,0.6866,1
32,"2b",3,429,9,0.7675,1
32,"1a",2,430,31,0.7299,1
32,"2b",3,431,31,0.8513,1
32,"2c",2,432,4,0.5998,1
32,"1a",2,433,4,0.7354,1
32,"2b",1,434,1,0.6201,1
32,"2a",2,435,19,0.6154,1
32,"2a",1,436,4,0.6192,1
32,"2a",1,437,4,0.5984,1
32,"2a",0,438,0,0.7366,1
32,"2c",2,439,4,0.8004,1
32,"1a",2,440,4,0.6537,1
32,"2c",1,441,9,0.6361,1
32,"1a",3,442,4,0.5033,1
32,"2c",1,443,4,0.6871,1
32,"1a",1,444,4,0.8214,1
32,"2b",3,445,9,0.6842,1
32,"2a",3,446,1,0.8209,1
32,"1a",3,447,1,0.6168,1
32,"2a",2,448,4,0.7691,1
32,"2a",3,449,19,0.6028,1
32,"2b",3,450,4,0.5507,1
32,"2b",2,451,1,0.7554,1
32,"2c",3,452,4,0.8864,1
32,"2a",2,453,31,0.642,1
32,"2b",3,454,4,0.9187,1
32,"1a",0,455,0,0.691,1
32,"1a",0,456,0,0.6663,0
32,"2a",3,457,9,0.8816,1
32,"1a",2,458,4,0.8517,1
32,"2b",2,459,31,0.8015,1
32,"2a",1,460,19,0.6667,1
32,"2b",2,461,19,0.6854,1
32,"1a",3,462,1,0.6864,1
32,"2b",1,463,19,0.698,1
32,"1a",3,464,4,0.6359,1
32,"2a",1,465,31,0.5834,1
32,"2b",2,466,9,0.6682,1
32,"2b",0,467,0,0.5874,1
32,"2c",2,468,19,0.5654,1
32,"2b",3,469,19,0.5012,1
32,"2b",1,470,4,0.6995,1
32,"2a",1,471,1,0.8374,1
32,"2c",2,472,19,1.9989,1
32,"2c",2,473,1,0.6201,1
32,"2c",1,474,31,0.6163,1
32,"2a",1,475,4,0.6521,1
32,"2a",2,476,31,0.6938,1
32,"2a",1,477,19,0.6359,1
32,"2c",2,478,9,0.8658,1
32,"1a",3,479,9,0.7514,1
32,"2a",1,480,31,0.6985,1
32,"2a",0,481,0,0.6209,1
32,"2b",2,482,31,0.6677,1
32,"2a",2,483,4,0.8188,1
32,"2a",1,484,19,0.7516,1
32,"2c",2,485,4,0.8186,1
32,"2b",1,486,31,0.7342,1
32,"2b",1,487,9,0.6537,1
32,"1a",1,488,9,0.6013,1
32,"1a",2,489,9,0.5818,1
32,"2a",2,490,1,0.7858,1
32,"2a",3,491,31,0.6658,1
32,"2c",1,492,19,0.7009,1
32,"2a",1,493,19,0.7178,1
32,"2c",1,494,1,0.6039,1
32,"2b",1,495,19,0.7693,1
32,"2b",2,496,4,0.6021,1
32,"2a",2,497,31,0.8138,1
32,"2b",2,498,4,0.5863,1
32,"2a",3,499,1,0.5674,1
32,"2b",1,500,31,0.6847,1
32,"1a",1,501,31,0.796,1
32,"2b",3,502,19,0.7022,1
32,"2b",2,503,4,0.5887,1
32,"2b",1,504,9,0.6506,1
32,"2b",3,505,19,0.6015,1
32,"1a",3,506,4,0.6317,1
32,"2a",2,507,19,0.9272,1
32,"2b",2,508,19,0.7171,1
32,"1a",3,509,1,0.7852,1
32,"2a",3,510,1,0.6711,1
32,"2b",3,511,9,0.6698,1
32,"1a",3,512,31,0.7147,1
32,"1a",3,513,1,0.7043,1
32,"2c",1,514,9,0.6513,1
32,"2b",1,515,31,0.7504,1
32,"2c",3,516,19,0.6842,1
32,"2b",3,517,9,0.5503,1
32,"1a",3,518,4,0.6034,1
32,"2b",3,519,4,0.6041,1
32,"1a",2,520,4,0.6011,1
32,"1a",1,521,9,0.9515,1
32,"1a",3,522,31,0.7143,1
32,"2c",0,523,0,0.619,1
32,"2a",2,524,1,0.6668,1
32,"2c",1,525,19,0.5665,1
32,"2b",1,526,19,0.5682,1
32,"2c",1,527,1,0.6207,1
32,"1a",1,528,9,0.652,1
32,"1a",0,529,0,0.6024,1
32,"2b",1,530,9,0.536,1
32,"2c",0,531,0,0.6691,1
32,"2a",0,532,0,0.6005,1
32,"2c",1,533,31,0.6012,1
32,"2a",1,534,9,0.6037,1
32,"2c",2,535,1,0.6188,1
32,"2c",3,536,19,0.5513,1
32,"1a",2,537,31,0.5997,0
32,"2c",3,538,19,0.7661,1
32,"2b",2,539,4,0.6036,1
32,"2a",1,540,4,0.6219,1
32,"2c",3,541,1,0.835,1
32,"2a",2,542,19,0.6974,1
32,"1a",1,543,19,0.6983,1
32,"2b",1,544,31,0.9173,1
32,"1a",1,545,1,0.7844,1
32,"2c",1,546,31,0.6153,1
32,"2a",2,547,19,0.7781,1
32,"2a",2,548,19,0.6311,1
32,"2a",2,549,9,0.6305,1
32,"2a",3,550,19,0.7851,1
32,"2a",2,551,9,0.8137,1
32,"2c",2,552,1,0.6539,1
32,"2c",3,553,4,0.6336,1
32,"2c",3,554,9,0.836,1
32,"1a",1,555,31,0.666,1
32,"2b",1,556,19,0.7154,1
32,"2c",3,557,4,0.8705,1
32,"1a",3,558,31,0.6779,1
32,"2b",2,559,1,0.6377,1
32,"2b",1,560,4,0.672,1
32,"2b",3,561,31,0.6327,1
32,"2c",1,562,9,0.6189,1
32,"2c",3,563,9,0.7529,1
32,"1a",3,564,19,0.6318,1
32,"2c",1,565,1,0.6224,1
32,"2a",3,566,19,0.7535,1
32,"2a",1,567,1,0.5708,1
32,"2c",3,568,9,0.6205,1
32,"2a",1,569,19,0.6527,1
32,"2a",1,570,9,0.5869,1
32,"2b",2,571,19,0.5842,1
32,"2b",0,572,0,0.7373,1
32,"2b",1,573,31,0.7816,1
32,"2c",1,574,4,0.6703,1
32,"2b",0,575,0,0.654,1
32,"2a",2,576,1,0.8517,1
32,"2b",3,577,9,0.8343,1
32,"2c",2,578,9,0.7655,1
32,"2a",1,579,4,0.6185,1
32,"2a",1,580,4,0.7036,1
32,"2a",2,581,31,1.0257,1
32,"2b",3,582,1,0.7213,1
32,"2b",1,583,9,0.6557,1
32,"1a",0,584,0,0.7521,1
32,"2b",2,585,1,0.6872,1
32,"2a",3,586,19,0.8195,1
32,"2b",3,587,4,0.637,1
32,"2a",3,588,19,0.7858,1
32,"2a",1,589,19,0.5817,1
32,"1a",3,590,31,0.5977,1
32,"2b",1,591,19,0.6636,1
32,"2a",1,592,19,0.6528,1
32,"1a",1,593,31,0.7329,1
32,"2a",1,594,9,0.5886,1
32,"2a",2,595,31,0.6746,1
32,"1a",1,596,31,0.6972,1
32,"1a",1,597,1,0.6662,1
32,"1a",3,598,1,0.6043,1
32,"1a",1,599,31,0.9166,1
32,"2c",1,600,31,0.768,1
32,"2a",1,601,9,0.6846,1
32,"2b",3,602,4,0.672,1
32,"2b",2,603,1,0.7889,1
32,"2c",1,604,31,0.7678,1
32,"1a",3,605,31,0.6663,1
32,"2c",2,606,19,0.7332,1
32,"1a",2,607,4,0.6827,1
32,"2b",1,608,31,0.8128,1
32,"2c",0,609,0,0.6695,1
32,"2a",1,610,4,0.6363,1
32,"2a",1,611,31,0.6016,1
32,"2c",0,612,0,0.6181,1
32,"2a",1,613,31,0.5984,1
32,"1a",1,614,19,0.8499,1
32,"2b",1,615,9,0.7523,1
32,"2c",3,616,1,0.651,1
32,"2b",1,617,4,0.7348,1
32,"1a",3,618,19,0.6981,1
32,"1a",1,619,4,0.5674,1
32,"2c",3,620,1,0.6021,1
32,"2c",1,621,4,0.6331,1
32,"2c",3,622,19,0.7349,1
32,"1a",1,623,9,0.6329,1
32,"2b",1,624,9,0.7505,1
32,"2c",3,625,31,0.6671,1
32,"2a",1,626,1,0.5838,1
32,"2a",1,627,1,0.6544,1
32,"2b",1,628,4,0.5705,1
32,"1a",1,629,4,0.7045,1
32,"2c",2,630,19,0.8165,1
32,"2c",2,631,1,0.6042,1
32,"1a",2,632,1,0.6861,1
32,"1a",2,633,19,0.5977,1
32,"2a",0,634,0,0.671,1
32,"2c",1,635,9,0.5699,1
32,"2b",3,636,31,0.5826,1
32,"2c",1,637,9,0.669,1
32,"2c",2,638,19,0.6348,1
32,"2c",2,639,19,0.6701,1
32,"1b",2,640,9,0.9847,1
32,"1b",2,641,4,0.7208,1
32,"1b",3,642,31,0.932,1
32,"1b",1,643,1,2.0868,1
32,"1b",1,644,19,0.7648,1
32,"1b",2,645,31,0.8707,1
32,"1b",0,646,0,0.5229,1
32,"1b",2,647,9,0.569,1
32,"1b",2,648,19,1.0031,1
32,"1b",1,649,19,1.1516,1
32,"1b",2,650,9,0.8204,1
32,"1b",2,651,1,0.6352,1
32,"1b",3,652,1,0.7547,1
32,"1b",2,653,31,0.7158,1
32,"1b",3,654,1,0.6856,1
32,"1b",3,655,31,0.9511,1
32,"1b",2,656,19,1.9691,1
32,"1b",1,657,19,1.0156,1
32,"1b",3,658,9,0.9387,1
32,"1b",1,659,1,1.172,1
32,"1b",3,660,1,0.6865,1
32,"1b",3,661,4,0.8864,1
32,"1b",3,662,4,0.972,1
32,"1b",1,663,19,0.7507,1
32,"1b",2,664,4,0.8046,1
32,"1b",3,665,4,0.9346,1
32,"1b",2,666,9,0.8209,1
32,"1b",2,667,31,0.6685,1
32,"1b",3,668,1,0.9541,1
32,"1b",1,669,19,0.999,1
32,"1b",2,670,9,1.0532,1
32,"1b",0,671,0,0.7537,1
32,"1b",2,672,9,0.7992,1
32,"1b",1,673,19,0.8191,1
32,"1b",3,674,4,1.12,1
32,"1b",1,675,4,0.8035,1
32,"1b",3,676,1,0.6553,1
32,"1b",1,677,1,1.0876,1
32,"1b",0,678,0,0.6691,1
32,"1b",3,679,9,0.7198,1
32,"1b",1,680,4,0.8858,1
32,"1b",1,681,4,0.8538,1
32,"1b",1,682,19,1.0348,1
32,"1b",3,683,4,0.7207,1
32,"1b",2,684,9,1.3876,1
32,"1b",1,685,9,0.7216,1
32,"1b",0,686,0,0.7233,1
32,"1b",1,687,9,0.9187,1
32,"1b",2,688,9,0.7707,0
32,"1b",2,689,1,0.5388,1
32,"1b",1,690,1,0.5223,1
32,"1b",3,691,31,0.6155,1
32,"1b",1,692,4,0.6369,1
32,"1b",2,693,19,0.5701,1
32,"1b",2,694,9,0.6397,1
32,"1b",3,695,1,0.653,1
32,"1b",2,696,4,0.6705,1
32,"1b",0,697,0,0.7229,1
32,"1b",3,698,31,0.701,1
32,"1b",1,699,31,1.3,1
32,"1b",1,700,1,0.6502,1
32,"1b",3,701,9,0.9867,0
32,"1b",1,702,1,0.6025,1
32,"1b",2,703,9,1.6544,1
32,"1b",1,704,31,0.6176,1
32,"1b",1,705,9,0.92,1
32,"1b",3,706,31,3.5157,1
32,"1b",3,707,9,1.0177,1
32,"1b",2,708,19,1.0201,1
32,"1b",2,709,31,3.4198,1
32,"1b",3,710,1,0.9885,1
32,"1b",3,711,9,0.8864,1
32,"1b",1,712,19,0.7207,1
32,"1b",2,713,4,0.6354,1
32,"1b",3,714,4,0.8539,1
32,"1b",1,715,31,0.8832,1
32,"1b",0,716,0,0.6238,1
32,"1b",3,717,1,0.7177,1
32,"1b",1,718,19,0.7177,1
32,"1b",2,719,1,0.7378,1
32,"1b",3,720,31,0.9355,1
32,"1b",3,721,19,1.3152,1
32,"1b",3,722,4,0.7201,1
32,"1b",3,723,1,0.6394,1
32,"1b",1,724,4,0.8881,1
32,"1b",2,725,1,0.6572,1
32,"1b",1,726,9,0.8346,1
32,"1b",1,727,1,0.7198,1
32,"1b",3,728,4,0.6716,1
32,"1b",2,729,31,1.3524,1
32,"1b",1,730,1,1.1407,1
32,"1b",2,731,1,0.8387,1
32,"1b",3,732,4,0.7039,1
32,"1b",3,733,9,0.9684,1
32,"1b",1,734,4,1.0218,1
32,"1b",2,735,19,0.8029,1
32,"1b",3,736,9,1.822,1
32,"1b",2,737,9,0.6046,1
32,"1b",2,738,1,0.7065,1
32,"1b",0,739,0,0.6055,1
32,"1b",3,740,4,0.9537,1
32,"1b",2,741,4,0.7194,1
32,"1b",3,742,19,0.6845,1
32,"1b",2,743,19,0.7147,1
32,"1b",2,744,4,0.7707,1
32,"1b",3,745,4,0.7047,1
32,"1b",2,746,19,0.8535,1
32,"1b",1,747,9,0.8376,1
32,"1b",1,748,31,0.684,1
32,"1b",3,749,19,0.9506,1
32,"1b",3,750,19,0.6024,1
32,"1b",1,751,9,0.9563,1
32,"1b",1,752,4,1.1038,1
32,"1b",2,753,19,0.7019,1
32,"1b",2,754,19,0.9185,0
32,"1b",3,755,1,0.6048,1
32,"1b",2,756,9,0.6878,1
32,"1b",1,757,4,0.6716,1
32,"1b",3,758,9,0.9524,1
32,"1b",1,759,31,0.6681,1
32,"1b",3,760,31,0.6713,1
32,"1b",2,761,19,0.8517,1
32,"1b",1,762,4,1.1729,1
32,"1b",3,763,1,0.5885,1
32,"1b",3,764,9,0.637,1
32,"1b",2,765,19,0.8182,1
32,"1b",3,766,9,0.6519,1
32,"1b",3,767,1,0.6056,1
32,"1b",2,768,31,0.651,1
32,"1b",2,769,19,1.0513,1
32,"1b",1,770,31,0.9847,1
32,"1b",1,771,31,0.617,1
32,"1b",3,772,9,1.0684,1
32,"1b",1,773,1,0.638,1
32,"1b",3,774,9,0.7031,1
32,"1b",2,775,31,1.0525,1
32,"1b",3,776,31,1.2835,1
32,"1b",3,777,4,0.7396,1
32,"1b",0,778,0,0.8029,1
32,"1b",2,779,1,0.7385,1
32,"1b",2,780,19,0.6696,1
32,"1b",2,781,9,0.7677,1
32,"1b",1,782,9,0.6209,1
32,"1b",1,783,4,0.7045,1
32,"1b",1,784,4,0.6546,1
32,"1b",1,785,31,1.986,1
32,"1b",3,786,4,0.9189,1
32,"1b",2,787,1,0.6075,1
32,"1b",1,788,19,0.8836,1
32,"1b",3,789,19,0.7167,1
32,"1b",2,790,1,0.6891,1
32,"1b",1,791,9,0.5844,1
32,"1b",2,792,31,0.6198,1
32,"1b",2,793,1,0.8547,1
32,"1b",3,794,1,0.7721,1
32,"1b",2,795,4,0.6353,1
32,"1b",3,796,31,0.9516,1
32,"1b",3,797,19,1.1359,1
32,"1b",3,798,19,0.7507,1
32,"1b",2,799,31,0.7375,1
32,"1b",1,800,1,0.5718,1
32,"1b",3,801,19,0.8018,1
32,"1b",2,802,4,0.6395,1
32,"1b",3,803,1,0.7389,1
32,"1b",2,804,4,0.6706,1
32,"1b",3,805,31,0.7351,1
32,"1b",2,806,19,1.2032,1
32,"1b",1,807,4,1.1349,1
32,"1b",3,808,31,0.648,1
32,"1b",1,809,4,0.8866,1
32,"1b",2,810,9,1.0842,1
32,"1b",1,811,19,0.7659,1
32,"1b",1,812,1,1.0209,1
32,"1b",2,813,31,0.7861,1
32,"1b",3,814,19,0.8995,1
32,"1b",1,815,9,0.772,1
32,"1b",3,816,19,1.4358,1
32,"1b",2,817,4,0.721,1
32,"1b",3,818,31,0.7677,1
32,"1b",1,819,1,0.6365,1
32,"1b",2,820,4,0.8358,1
32,"1b",1,821,1,0.9711,1
32,"1b",1,822,4,0.721,1
32,"1b",0,823,0,0.7379,1
32,"1b",1,824,1,1.1361,1
32,"1b",2,825,1,0.703,1
32,"1b",1,826,4,0.6214,1
32,"1b",2,827,31,0.6209,1
32,"1b",3,828,19,1.284,1
32,"1b",1,829,9,0.8869,1
32,"1b",3,830,19,0.8013,1
32,"1b",0,831,0,0.6387,1
32,"1b",3,832,19,0.8021,1
32,"1b",2,833,31,0.719,1
32,"1b",3,834,31,0.6853,1
32,"1b",2,835,1,0.6719,1
32,"1b",1,836,19,0.6864,1
32,"1b",3,837,4,0.8379,1
32,"1b",1,838,9,0.9044,1
32,"1b",1,839,1,0.955,1
32,"1b",3,840,19,1.2358,1
32,"1b",1,841,19,0.9158,1
32,"1b",3,842,31,0.8344,1
32,"1b",2,843,1,0.7383,1
32,"1b",1,844,19,0.7663,1
32,"1b",2,845,19,0.6868,1
32,"1b",2,846,19,0.9035,1
32,"1b",2,847,9,0.7519,1
32,"1b",2,848,9,0.8522,1
32,"1b",2,849,4,0.7714,1
32,"1b",2,850,1,0.8387,1
32,"1b",3,851,19,0.7684,1
32,"1b",2,852,4,0.8046,1
32,"1b",2,853,4,0.9523,0
32,"1b",0,854,0,0.59,1
32,"1b",2,855,4,0.6709,1
32,"1b",1,856,31,0.5805,1
32,"1b",1,857,31,0.9347,1
32,"1b",1,858,9,0.6698,1
32,"1b",3,859,4,1.0554,1
32,"1b",1,860,31,0.6664,1
32,"1b",1,861,1,0.7866,1
32,"1b",2,862,31,0.8016,1
32,"1b",3,863,4,0.6384,1
32,"1b",3,864,9,1.235,1
32,"1b",0,865,0,0.6045,1
32,"1b",0,866,0,0.5885,1
32,"1b",3,867,4,0.5692,1
32,"1b",3,868,19,0.6504,1
32,"1b",3,869,1,0.9554,1
32,"1b",1,870,31,1.1013,1
32,"1b",2,871,9,0.752,1
32,"1b",2,872,9,0.668,1
32,"1b",3,873,9,1.0038,1
32,"1b",2,874,31,1.0843,1
32,"1b",2,875,9,0.8041,1
32,"1b",1,876,1,0.6889,1
32,"1b",1,877,19,0.7655,1
32,"1b",2,878,1,0.9549,1
32,"1b",2,879,1,0.7055,1
32,"1b",3,880,9,0.8694,1
32,"1b",2,881,31,0.6525,1
32,"1b",0,882,0,0.5888,1
32,"1b",1,883,31,1.1682,1
32,"1b",3,884,19,1.1663,1
32,"1b",1,885,31,0.6822,1
32,"1b",0,886,0,0.7371,1
32,"1b",3,887,1,0.774,0
32,"1b",2,888,19,0.8534,1
32,"1b",2,889,1,0.8859,1
32,"1b",1,890,4,0.7539,1
32,"1b",1,891,9,0.6206,1
32,"1b",1,892,31,0.7188,1
32,"1b",1,893,9,0.6519,1
32,"1b",3,894,1,0.9509,1
32,"1b",0,895,0,0.5552,1
32,"1b",0,896,0,0.5368,1
32,"1b",1,897,9,0.6339,1
32,"1b",3,898,31,1.7655,1
32,"1b",2,899,31,0.7696,1
32,"1b",3,900,31,1.6811,1
32,"1b",3,901,19,0.8683,1
32,"1b",1,902,19,0.7857,1
32,"1b",2,903,4,0.6563,1
32,"1b",1,904,9,0.8683,1
32,"1b",1,905,9,0.618,1
32,"1b",3,906,9,0.8174,1
32,"1b",1,907,1,0.6055,1
32,"1b",3,908,4,0.7879,1
32,"1b",2,909,31,0.9002,1
32,"1b",2,910,4,0.5862,1
32,"1b",3,911,19,0.7687,1
32,"1b",3,912,9,1.0345,1
32,"1b",2,913,9,0.67,1
32,"1b",3,914,1,0.7353,1
32,"1b",2,915,31,1.0162,1
32,"1b",1,916,31,0.8833,1
32,"1b",1,917,4,0.6555,1
32,"1b",0,918,0,0.8361,1
32,"1b",1,919,9,0.8341,1
32,"1b",3,920,31,0.6657,1
32,"1b",2,921,1,0.7054,1
32,"1b",3,922,9,0.6036,1
32,"1b",3,923,31,0.7518,1
32,"1b",0,924,0,0.6532,1
32,"1b",2,925,1,0.6052,1
32,"1b",3,926,9,1.6685,1
32,"1b",1,927,31,0.6182,1
32,"1b",1,928,1,0.5858,1
32,"1b",1,929,19,1.4693,1
32,"1b",1,930,9,1.4853,1
32,"1b",1,931,31,0.8848,1
32,"1b",2,932,19,0.6182,1
32,"1b",1,933,4,0.9215,1
32,"1b",3,934,4,1.002,1
32,"1b",1,935,1,0.874,1
32,"1b",2,936,4,0.9883,1
32,"1b",3,937,31,2.601,1
32,"1b",3,938,31,0.7513,1
32,"1b",1,939,4,0.7051,1
32,"1b",2,940,19,0.771,1
32,"1b",1,941,31,0.9157,1
32,"1b",2,942,1,1.0864,1
32,"1b",2,943,19,0.8163,1
32,"1b",2,944,31,1.253,1
32,"1b",3,945,19,2.2008,1
32,"1b",1,946,19,0.7,1
32,"1b",3,947,9,0.7533,1
32,"1b",1,948,9,1.5532,1
32,"1b",1,949,19,0.8181,1
32,"1b",3,950,1,0.9371,1
32,"1b",3,951,4,1.0692,1
32,"1b",2,952,4,0.6689,1
32,"1b",2,953,4,0.6353,1
32,"1b",1,954,4,0.6515,1
32,"1b",0,955,0,0.6223,1
32,"1b",3,956,1,0.7547,1
32,"1b",2,957,31,0.6688,1
32,"1b",1,958,31,0.5981,1
32,"1b",1,959,19,0.7873,1
32,"1a",2,960,1,0.7192,1
32,"2b",2,961,31,0.5987,1
32,"1a",3,962,4,0.7368,1
32,"2a",3,963,19,0.7822,1
32,"1a",2,964,9,0.4522,1
32,"1a",0,965,0,0.4547,1
32,"2c",1,966,1,0.5365,1
32,"2c",1,967,9,0.5527,1
32,"2c",3,968,31,0.5653,1
32,"1a",2,969,1,0.6013,1
32,"2b",2,970,9,0.4512,1
32,"2a",2,971,1,0.7021,1
32,"2a",1,972,1,0.6185,1
32,"2c",3,973,4,0.8388,1
32,"2a",2,974,9,0.6986,1
32,"2a",1,975,19,0.4507,1
32,"1a",2,976,19,0.6498,1
32,"2b",1,977,9,0.7359,1
32,"1a",2,978,19,1.0144,1
32,"2b",3,979,9,0.6206,1
32,"2c",3,980,31,0.7001,1
32,"2c",1,981,9,0.5,1
32,"2a",3,982,4,0.586,1
32,"2a",1,983,4,0.5381,1
32,"2a",3,984,9,0.5515,1
32,"1a",2,985,1,0.5703,1
32,"2c",2,986,31,0.5858,1
32,"2a",1,987,1,0.7035,1
32,"2b",3,988,9,0.7694,1
32,"2c",1,989,31,0.719,1
32,"2b",1,990,19,0.6529,1
32,"2b",1,991,19,0.5657,1
32,"2c",1,992,4,0.7533,1
32,"2b",3,993,9,0.6866,0
32,"2c",1,994,19,0.4993,1
32,"2a",0,995,0,0.5399,1
32,"2a",2,996,31,0.6751,1
32,"2c",2,997,19,0.6028,1
32,"2b",1,998,4,0.6542,1
32,"2b",1,999,9,0.6037,1
32,"2b",2,1000,31,0.6988,1
32,"2a",3,1001,1,0.5689,1
32,"1a",1,1002,19,0.597,1
32,"2a",1,1003,31,0.7337,1
32,"1a",3,1004,9,0.7485,1
32,"2c",2,1005,4,0.6536,1
32,"2a",3,1006,1,0.6211,1
32,"1a",3,1007,31,0.6993,1
32,"2a",2,1008,1,0.7035,1
32,"2c",3,1009,31,1.1325,1
32,"2c",1,1010,1,0.6532,1
32,"2a",2,1011,31,0.9266,1
32,"2a",3,1012,9,0.7371,1
32,"1a",3,1013,31,0.9821,0
32,"1a",1,1014,9,0.9028,1
32,"2a",1,1015,9,0.5684,1
32,"2c",2,1016,31,0.8484,1
32,"2a",1,1017,9,0.5837,1
32,"1a",3,1018,31,0.7974,1
32,"2c",1,1019,31,0.5515,1
32,"2c",2,1020,9,0.7869,1
32,"2a",2,1021,9,0.834,1
32,"2b",0,1022,0,0.717,1
32,"2b",3,1023,31,0.6521,1
32,"2c",1,1024,4,0.6842,1
32,"2c",1,1025,4,0.851,1
32,"2b",1,1026,1,0.5357,1
32,"2b",3,1027,31,0.6875,1
32,"2b",2,1028,1,0.6848,1
32,"2a",3,1029,31,0.6829,1
32,"2c",3,1030,9,0.654,1
32,"2b",2,1031,9,0.7336,1
32,"2c",2,1032,19,0.7331,1
32,"2c",3,1033,1,0.8516,1
32,"2b",3,1034,31,0.6483,1
32,"2c",1,1035,31,0.6676,1
32,"2a",3,1036,9,0.5851,1
32,"2c",0,1037,0,0.7533,1
32,"1a",1,1038,1,0.6855,1
32,"1a",1,1039,1,0.8017,1
32,"2c",3,1040,31,1.0317,1
32,"2c",2,1041,1,0.7191,1
32,"2a",3,1042,4,0.6026,1
32,"2b",3,1043,1,0.8036,1
32,"2c",3,1044,4,0.7353,1
32,"2b",1,1045,19,0.8183,1
32,"2a",2,1046,9,0.8339,1
32,"2b",1,1047,9,0.6533,1
32,"2b",0,1048,0,0.7722,1
32,"2b",2,1049,31,0.7678,1
32,"2c",3,1050,19,0.8506,1
32,"2b",3,1051,31,0.752,1
32,"1a",1,1052,19,0.9002,1
32,"2b",2,1053,1,0.5879,1
32,"1a",2,1054,31,0.8982,1
32,"2b",3,1055,19,1.0664,0
32,"2a",2,1056,4,0.9001,1
32,"2a",3,1057,9,0.8507,1
32,"2c",1,1058,19,0.6821,1
32,"2c",2,1059,31,0.7019,1
32,"1a",3,1060,31,0.5982,1
32,"1a",1,1061,19,0.6329,1
32,"2a",1,1062,1,0.5896,1
32,"1a",0,1063,0,0.7696,1
32,"2a",0,1064,0,0.6882,1
32,"1a",2,1065,19,0.5966,1
32,"1a",1,1066,1,0.6026,1
32,"1a",3,1067,1,0.6352,1
32,"1a",2,1068,19,0.6926,1
32,"2b",1,1069,4,0.6042,1
32,"2c",1,1070,9,0.6331,1
32,"1a",2,1071,9,0.7333,1
32,"2c",2,1072,9,0.8013,1
32,"2a",0,1073,0,0.6361,1
32,"2a",1,1074,9,0.6658,1
32,"2c",3,1075,9,0.8039,1
32,"2a",3,1076,31,0.5862,1
32,"2a",3,1077,9,0.6988,1
32,"2b",2,1078,4,0.7014,1
32,"2c",3,1079,19,0.9679,1
32,"2c",2,1080,9,0.769,1
32,"2b",2,1081,31,0.7012,1
32,"1a",2,1082,9,0.5855,1
32,"2c",2,1083,31,0.7356,1
32,"2c",1,1084,19,0.9005,1
32,"1a",1,1085,4,0.5526,1
32,"2b",2,1086,31,0.6494,1
32,"2c",1,1087,31,0.7172,1
32,"2c",1,1088,4,0.755,1
32,"1a",3,1089,19,0.6341,1
32,"2a",3,1090,1,0.7049,1
32,"2a",3,1091,4,0.6717,1
32,"2c",1,1092,31,0.8147,1
32,"2b",3,1093,19,0.7172,1
32,"2b",2,1094,31,0.5838,1
32,"2b",2,1095,4,0.5548,1
32,"2b",3,1096,1,0.5554,1
32,"1a",3,1097,1,0.7554,1
32,"2b",1,1098,4,0.5225,1
32,"2b",2,1099,9,0.6039,1
32,"2b",2,1100,19,0.5991,1
32,"2a",1,1101,19,0.5995,1
32,"2a",3,1102,9,0.5492,1
32,"2c",1,1103,1,0.6026,1
32,"1a",2,1104,9,0.8184,1
32,"2a",3,1105,31,0.6833,1
32,"1a",3,1106,31,0.6806,1
32,"1a",2,1107,9,0.6006,1
32,"2c",2,1108,1,0.6852,1
32,"1a",2,1109,9,0.7528,1
32,"2b",1,1110,4,0.7532,1
32,"2c",2,1111,9,0.5833,1
32,"2a",1,1112,9,0.4828,1
32,"1a",1,1113,9,0.9365,1
32,"2a",0,1114,0,0.7552,1
32,"2c",1,1115,4,0.6546,1
32,"2b",1,1116,31,0.6348,1
32,"2c",3,1117,4,0.6842,1
32,"2b",3,1118,19,0.7031,1
32,"1a",3,1119,19,0.7504,1
32,"2b",1,1120,1,0.7689,1
32,"1a",2,1121,1,0.8233,1
32,"1a",3,1122,19,0.5984,1
32,"2c",1,1123,1,0.6022,1
32,"2c",3,1124,9,0.9538,1
32,"1a",0,1125,0,0.5545,1
32,"2b",2,1126,4,0.7162,1
32,"2b",1,1127,31,0.8004,1
32,"2b",3,1128,1,0.5044,1
32,"2a",3,1129,4,0.5838,1
32,"2a",0,1130,0,0.6546,1
32,"1a",3,1131,19,0.7151,1
32,"1a",1,1132,9,0.7013,1
32,"1a",3,1133,9,0.5992,1
32,"2a",1,1134,1,0.5377,1
32,"2c",2,1135,4,0.5049,1
32,"1a",1,1136,1,0.5553,1
32,"2b",2,1137,9,0.7037,1
32,"2c",3,1138,31,0.8173,1
32,"2a",1,1139,31,0.7807,1
32,"1a",2,1140,19,0.6987,1
32,"2b",3,1141,4,0.7201,1
32,"2a",2,1142,4,0.6506,1
32,"1a",3,1143,9,0.6826,1
32,"2a",1,1144,19,0.665,1
32,"2c",3,1145,9,0.5849,1
32,"2a",3,1146,31,0.5344,1
32,"1a",1,1147,31,1.0633,1
32,"2a",2,1148,4,0.5985,1
32,"2c",2,1149,4,0.6669,1
32,"2b",1,1150,9,0.8504,1
32,"2c",1,1151,19,0.616,1
32,"2b",2,1152,9,0.5199,1
32,"1a",1,1153,19,0.7335,1
32,"2c",1,1154,31,0.7329,1
32,"2c",3,1155,1,0.7032,1
32,"2c",2,1156,31,0.5863,1
32,"2b",1,1157,31,0.664,1
32,"2a",2,1158,1,0.7051,1
32,"2a",1,1159,9,0.5694,1
32,"1a",3,1160,1,0.6351,1
32,"2a",3,1161,4,0.5374,1
32,"2b",3,1162,31,0.7858,1
32,"1a",3,1163,9,0.5852,1
32,"2c",1,1164,31,0.5998,1
32,"2b",3,1165,31,0.5501,1
32,"2c",3,1166,4,0.7027,1
32,"2b",1,1167,4,0.7397,1
32,"2c",1,1168,9,0.5703,1
32,"2b",3,1169,19,0.7697,1
32,"1a",2,1170,9,0.8512,1
32,"2a",3,1171,4,0.704,1
32,"2a",1,1172,4,0.6036,1
32,"2b",2,1173,4,0.5567,1
32,"2a",2,1174,1,0.6385,1
32,"2c",1,1175,9,0.5198,1
32,"2c",2,1176,4,0.5373,1
32,"1a",3,1177,19,0.716,1
32,"2c",3,1178,4,0.6707,1
32,"2c",2,1179,9,0.6184,1
32,"2a",2,1180,4,0.7217,1
32,"1a",2,1181,31,0.7243,1
32,"2b",1,1182,31,0.5702,1
32,"2b",1,1183,9,0.9364,1
32,"2c",1,1184,4,0.6023,1
32,"1a",1,1185,1,0.6688,0
32,"2a",0,1186,0,1.0076,1
32,"2c",2,1187,19,0.6344,1
32,"1a",1,1188,4,0.8348,1
32,"2b",1,1189,1,0.554,1
32,"2b",1,1190,9,0.6036,1
32,"1a",0,1191,0,0.685,1
32,"1a",1,1192,31,0.5994,1
32,"2c",2,1193,9,0.5682,1
32,"1a",2,1194,4,0.767,1
32,"2b",0,1195,0,0.6178,1
32,"2a",1,1196,31,0.8328,1
32,"2c",2,1197,9,0.7039,1
32,"2c",2,1198,19,0.5689,1
32,"2a",2,1199,31,0.612,1
32,"2c",2,1200,1,0.6036,1
32,"2a",1,1201,31,0.7674,1
32,"1a",1,1202,31,1.1119,1
32,"1a",2,1203,9,0.6873,1
32,"1a",1,1204,4,0.7178,1
32,"2b",1,1205,31,0.6812,1
32,"1a",3,1206,31,0.5277,0
32,"1a",1,1207,4,0.5836,1
32,"2b",1,1208,1,0.5869,1
32,"2c",3,1209,9,0.604,1
32,"2b",2,1210,1,0.8695,1
32,"2a",1,1211,9,0.7016,1
32,"2c",0,1212,0,0.6717,1
32,"2a",2,1213,9,0.7996,1
32,"2b",3,1214,4,0.7192,1
32,"2c",1,1215,1,0.7218,1
32,"1a",1,1216,31,0.6314,1
32,"2b",0,1217,0,0.5873,1
32,"2c",3,1218,19,0.9515,1
32,"2b",2,1219,4,0.6713,1
32,"1a",2,1220,9,0.7844,1
32,"2b",2,1221,1,0.7036,1
32,"2c",3,1222,19,1.2841,1
32,"1a",2,1223,4,0.7201,1
32,"1a",2,1224,31,0.6151,1
32,"2a",1,1225,9,0.7014,1
32,"2c",0,1226,0,0.688,1
32,"2a",3,1227,31,0.7019,1
32,"2a",1,1228,1,0.8202,1
32,"2a",1,1229,19,0.6355,1
32,"2c",2,1230,1,0.6371,1
32,"2a",2,1231,31,0.81,1
32,"1a",1,1232,9,0.6174,1
32,"2b",2,1233,31,0.834,1
32,"2c",1,1234,19,1.3514,1
32,"2a",3,1235,1,0.6539,1
32,"2a",3,1236,19,0.6489,1
32,"2b",3,1237,19,0.5684,1
32,"2a",2,1238,4,0.5844,1
32,"2a",2,1239,9,0.8322,1
32,"2b",3,1240,4,0.6549,1
32,"2a",1,1241,19,0.8526,1
32,"2c",2,1242,31,0.7019,1
32,"2c",2,1243,31,0.8186,1
32,"1a",2,1244,9,0.6873,1
32,"1a",2,1245,19,0.698,1
32,"1a",1,1246,19,0.733,1
32,"2b",1,1247,1,0.6857,1
32,"2c",1,1248,1,0.7227,1
32,"1a",2,1249,1,0.6383,1
32,"2b",3,1250,1,0.5698,1
32,"2a",2,1251,19,0.6957,1
32,"2a",2,1252,31,0.6121,1
32,"2b",3,1253,31,0.7022,1
32,"2b",1,1254,9,0.688,1
32,"2c",2,1255,4,0.5716,1
32,"2b",0,1256,0,0.6577,1
32,"2b",3,1257,4,0.5513,1
32,"1a",1,1258,1,0.901,1
32,"2a",3,1259,19,0.5844,1
32,"2b",1,1260,19,0.7843,1
32,"1a",1,1261,9,0.8721,1
32,"2b",3,1262,19,0.5991,1
32,"2c",3,1263,19,0.7869,1
32,"2a",3,1264,31,0.7525,1
32,"2c",3,1265,31,0.6975,1
32,"2c",3,1266,1,0.6218,1
32,"1a",2,1267,1,0.6051,1
32,"2a",2,1268,4,0.6509,1
32,"1a",3,1269,4,0.5866,1
32,"2c",3,1270,19,0.9825,1
32,"2a",2,1271,31,0.5775,1
32,"1a",1,1272,4,0.602,1
32,"2c",1,1273,9,0.5027,1
32,"2a",2,1274,31,1.0118,1
32,"2a",1,1275,1,0.687,1
32,"2b",2,1276,9,0.6364,1
32,"2c",2,1277,31,0.6352,1
32,"1a",0,1278,0,0.6524,1
32,"2a",2,1279,9,0.6004,1
32,"2c",1,1280,9,0.6181,1
32,"2a",2,1281,1,0.504,1
32,"2b",3,1282,1,0.6204,1
32,"2a",3,1283,31,0.5326,1
32,"2a",3,1284,1,0.6205,1
32,"2c",1,1285,1,0.5887,1
32,"1a",1,1286,19,0.9186,1
32,"2c",3,1287,1,0.671,1
32,"2a",2,1288,19,0.5792,1
32,"2b",2,1289,1,0.537,1
32,"2c",2,1290,1,0.4707,1
32,"2c",3,1291,9,0.5027,1
32,"1a",1,1292,4,0.504,1
32,"1a",2,1293,19,0.7011,1
32,"2c",1,1294,19,0.4681,1
32,"2b",2,1295,31,0.5688,1
32,"2c",3,1296,9,0.5346,1
32,"2b",1,1297,31,0.6334,1
32,"1a",3,1298,9,0.8041,1
32,"2a",3,1299,4,0.5534,1
32,"2c",2,1300,4,0.5694,1
32,"2a",2,1301,31,0.709,1
32,"2c",3,1302,1,0.6708,1
32,"2b",2,1303,19,0.7027,1
32,"1a",1,1304,9,0.8837,1
32,"2c",3,1305,4,0.7827,1
32,"2c",2,1306,1,0.7205,1
32,"1a",2,1307,1,0.6211,1
32,"2a",2,1308,19,0.8147,1
32,"2c",2,1309,19,0.7863,1
32,"2b",2,1310,1,0.5884,1
32,"2b",2,1311,4,0.5691,1
32,"2c",0,1312,0,0.5742,1
32,"2c",2,1313,4,0.6217,1
32,"2b",2,1314,9,0.6516,1
32,"2b",1,1315,9,0.7151,1
32,"2b",1,1316,19,0.6214,1
32,"2b",2,1317,19,0.6512,1
32,"1a",2,1318,19,0.5821,1
32,"2a",1,1319,4,0.7037,1
32,"1a",2,1320,1,0.5721,1
32,"2b",1,1321,1,0.6701,1
32,"1a",3,1322,9,1.0856,1
32,"1a",3,1323,9,0.7187,1
32,"2a",1,1324,1,0.6048,1
32,"2b",3,1325,1,0.5382,1
32,"2a",2,1326,4,0.5531,1
32,"2a",1,1327,31,0.8344,1
32,"1a",2,1328,31,0.7003,1
32,"1a",2,1329,4,0.8358,1
32,"2b",2,1330,19,0.5514,1
32,"1a",1,1331,1,1.0722,1
32,"2b",3,1332,1,0.6367,1
32,"1a",0,1333,0,0.7192,1
32,"1a",0,1334,0,0.6037,1
32,"2b",3,1335,9,0.7492,1
32,"1a",1,1336,4,0.8683,1
32,"2b",2,1337,1,0.9886,1
32,"2a",3,1338,9,0.7871,1
32,"2a",2,1339,1,0.6365,1
32,"2a",2,1340,19,0.7139,1
32,"1a",1,1341,19,0.7652,1
32,"2b",2,1342,9,0.6396,1
32,"1a",2,1343,19,0.7287,1
32,"2b",1,1344,4,0.737,1
32,"2b",2,1345,19,0.6023,1
32,"2b",3,1346,1,1.0383,1
32,"1a",2,1347,9,0.8691,1
32,"2b",3,1348,9,0.7684,1
32,"2b",3,1349,1,0.7036,1
32,"2c",3,1350,9,0.653,1
32,"1a",1,1351,1,0.6216,1
32,"1a",2,1352,1,0.5708,1
32,"1a",2,1353,4,0.7859,1
32,"1a",1,1354,4,0.8851,1
32,"2b",3,1355,4,0.9195,1
32,"2c",2,1356,4,0.7509,1
32,"2b",2,1357,19,0.6521,1
32,"1a",3,1358,19,0.7011,1
32,"2c",1,1359,31,0.6687,1
32,"1a",1,1360,1,0.6362,1
32,"1a",1,1361,1,0.5534,1
32,"2a",3,1362,1,0.5709,1
32,"2c",2,1363,1,0.6364,1
32,"2a",3,1364,4,0.587,1
32,"2c",3,1365,9,0.569,1
32,"2b",2,1366,9,0.5869,1
32,"2a",1,1367,9,0.5522,1
32,"2b",1,1368,31,0.7993,1
32,"2b",3,1369,1,0.5038,1
32,"2b",3,1370,19,0.5346,1
32,"1a",3,1371,31,0.8812,1
32,"1a",1,1372,19,0.7989,1
32,"2a",1,1373,1,0.6375,1
32,"2a",1,1374,4,0.6223,1
32,"2c",3,1375,9,0.8841,1
32,"2a",3,1376,9,0.6174,1
32,"2b",1,1377,19,0.7686,1
32,"2a",1,1378,1,1.004,1
32,"2c",3,1379,19,0.6698,1
32,"1a",3,1380,4,0.6539,1
32,"2b",3,1381,4,0.8183,1
32,"2a",3,1382,19,0.5845,1
32,"2c",1,1383,1,0.6529,1
32,"2a",3,1384,31,0.5844,1
32,"2c",3,1385,9,0.7365,1
32,"2c",2,1386,31,0.7981,1
32,"2b",1,1387,4,0.6549,1
32,"1a",2,1388,31,0.7333,1
32,"2b",2,1389,31,0.6984,1
32,"2b",3,1390,9,0.6029,1
32,"1a",1,1391,1,0.9008,1
32,"1a",1,1392,1,0.8895,1
32,"1a",1,1393,31,0.7469,1
32,"1a",1,1394,19,0.6694,1
32,"1a",2,1395,1,0.7042,1
32,"2b",2,1396,4,0.6386,1
32,"2a",2,1397,9,0.666,1
32,"1a",3,1398,4,0.6676,1
32,"2c",3,1399,19,0.6692,1
32,"1a",1,1400,19,0.6163,1
32,"2a",0,1401,0,0.6373,1
32,"2b",2,1402,1,0.5718,1
32,"2c",2,1403,9,0.5349,1
32,"2c",1,1404,1,0.5547,1
32,"2c",3,1405,19,0.6015,1
32,"2a",2,1406,31,0.693,1
32,"1a",2,1407,4,0.6182,1
32,"2c",1,1408,4,0.5526,1
32,"2b",3,1409,1,0.55,1
32,"2c",2,1410,19,0.6855,1
32,"2a",1,1411,4,0.771,1
32,"2a",3,1412,31,0.6999,1
32,"1a",2,1413,19,0.651,1
32,"2a",3,1414,31,0.716,1
32,"1a",3,1415,4,0.5877,1
32,"2c",1,1416,4,0.6699,1
32,"2a",2,1417,4,0.6509,1
32,"2c",3,1418,31,0.7335,1
32,"1a",3,1419,19,0.6346,1
32,"2b",3,1420,19,1.1487,1
32,"2b",2,1421,19,0.6354,1
32,"2c",1,1422,4,0.5869,1
32,"2c",1,1423,4,0.5722,1
32,"2b",1,1424,19,0.7159,1
32,"1a",2,1425,31,0.8327,1
32,"2a",1,1426,31,0.5856,1
32,"2b",3,1427,9,0.8033,1
32,"1a",3,1428,19,0.6106,1
32,"1a",2,1429,31,0.7159,1
32,"1a",2,1430,9,0.5849,1
32,"1a",1,1431,9,0.9361,1
32,"2c",3,1432,9,0.9026,1
32,"2b",1,1433,4,0.6695,1
32,"2b",0,1434,0,0.5697,1
32,"2c",3,1435,31,0.8313,1
32,"2c",1,1436,4,0.5397,1
32,"2a",3,1437,9,0.6522,1
32,"1a",2,1438,4,0.6533,1
32,"2c",2,1439,9,0.5527,1
32,"2c",1,1440,19,0.67,1
32,"2a",3,1441,4,0.7036,1
32,"1a",1,1442,9,0.8168,1
32,"2b",2,1443,31,0.601,1
32,"1a",1,1444,31,0.7952,1
32,"2a",3,1445,1,0.7537,1
32,"2c",1,1446,1,0.7205,1
32,"2a",3,1447,9,0.6176,1
32,"2c",1,1448,4,0.5577,1
32,"2b",0,1449,0,0.6367,1
32,"1a",3,1450,1,0.5224,1
32,"2c",1,1451,19,0.5207,1
32,"2b",2,1452,31,0.5689,1
32,"2c",3,1453,1,0.669,1
32,"2a",2,1454,31,0.5622,1
32,"2b",3,1455,4,0.5539,1
32,"2b",2,1456,31,0.7178,1
32,"1a",1,1457,9,0.5503,1
32,"2b",3,1458,1,0.6372,1
32,"2b",1,1459,1,0.5868,1
32,"2b",3,1460,1,0.4895,1
32,"1a",3,1461,19,0.546,1
32,"2a",3,1462,4,0.6544,1
32,"1a",2,1463,9,0.5653,1
32,"1a",3,1464,19,0.5148,0
32,"2b",1,1465,9,0.5392,1
32,"2c",3,1466,31,0.6189,1
32,"2b",3,1467,19,0.5179,1
32,"2b",3,1468,19,0.7182,1
32,"2a",3,1469,4,0.4872,1
32,"2c",1,1470,1,0.505,1
32,"2c",3,1471,31,0.754,1
32,"1a",3,1472,19,0.5501,1
32,"1a",2,1473,4,0.7882,1
32,"2c",3,1474,1,0.7034,1
32,"1a",3,1475,4,0.5513,1
32,"1a",3,1476,9,0.7158,1
32,"2b",1,1477,19,0.7833,1
32,"2a",2,1478,9,0.4837,1
32,"2a",1,1479,31,0.6506,1
32,"2a",1,1480,1,0.5073,1
32,"2b",2,1481,9,0.72,1
32,"2b",1,1482,1,0.6527,1
32,"1a",3,1483,19,0.6835,1
32,"1a",1,1484,31,0.5948,1
32,"2c",2,1485,1,0.6872,1
32,"2c",3,1486,4,0.8687,1
32,"2a",1,1487,1,0.621,1
32,"2c",3,1488,19,0.9531,1
32,"2a",1,1489,31,0.7021,1
32,"2c",3,1490,4,0.7378,1
32,"2b",2,1491,31,0.6519,1
32,"2a",3,1492,1,0.6577,1
32,"2b",3,1493,9,0.5508,1
32,"2a",2,1494,31,0.9282,1
32,"2a",3,1495,31,0.6521,1
32,"1a",1,1496,31,0.8638,1
32,"2b",2,1497,31,0.7643,1
32,"2c",1,1498,31,0.667,1
32,"2a",3,1499,9,0.5685,1
32,"1a",3,1500,19,0.5145,1
32,"1a",2,1501,31,0.5639,1
32,"2b",1,1502,19,0.6152,1
32,"1a",3,1503,4,0.5696,1
32,"2b",3,1504,31,0.5171,1
32,"1a",1,1505,19,0.6989,1
32,"2c",2,1506,9,0.7056,1
32,"1a",2,1507,9,0.5515,1
32,"1a",2,1508,4,0.72,1
32,"1a",1,1509,31,0.4995,1
32,"2b",3,1510,9,0.4857,1
32,"2c",1,1511,19,0.6667,1
32,"2a",2,1512,9,0.5797,1
32,"1a",1,1513,4,0.571,1
32,"2a",1,1514,1,0.503,1
32,"2a",2,1515,19,0.5772,1
32,"2a",2,1516,1,0.5694,1
32,"2c",2,1517,1,0.523,1
32,"1a",1,1518,19,0.8346,1
32,"2a",3,1519,1,0.5707,1
32,"2b",3,1520,19,0.6841,1
32,"2c",3,1521,31,0.5851,0
32,"2b",2,1522,4,0.5879,1
32,"2b",2,1523,19,0.5672,1
32,"2c",2,1524,9,0.6001,1
32,"1a",2,1525,4,0.5838,1
32,"2a",3,1526,1,0.6216,1
32,"1a",2,1527,31,0.7577,1
32,"2c",3,1528,31,0.6643,1
32,"1a",3,1529,1,0.5384,1
32,"2c",3,1530,19,0.7863,1
32,"2a",1,1531,9,0.5381,1
32,"2a",2,1532,1,0.5,1
32,"1a",3,1533,9,0.6032,1
32,"2a",2,1534,1,0.5379,1
32,"1a",2,1535,19,0.5007,0
32,"2b",2,1536,31,0.5842,1
32,"2c",3,1537,4,0.5551,0
32,"2a",2,1538,9,0.5504,1
32,"2b",1,1539,4,0.5373,1
32,"2a",2,1540,4,0.4836,1
32,"2c",2,1541,4,0.8355,1
32,"2b",3,1542,19,0.5681,1
32,"2b",3,1543,1,0.5021,1
32,"2c",3,1544,1,0.7039,1
32,"2c",2,1545,31,0.6657,1
32,"2a",3,1546,19,0.7046,1
32,"2c",3,1547,4,0.6199,1
32,"1a",3,1548,9,0.787,1
32,"2b",1,1549,1,0.5361,1
32,"2a",2,1550,9,0.546,1
32,"2a",3,1551,9,0.6039,1
32,"2a",1,1552,1,0.6036,1
32,"1a",2,1553,1,0.8845,1
32,"2a",2,1554,4,0.5349,1
32,"2a",2,1555,19,0.7969,1
32,"1a",3,1556,4,0.7521,1
32,"2b",2,1557,9,0.636,1
32,"2b",1,1558,9,0.6017,1
32,"2a",2,1559,1,0.7203,1
32,"1a",2,1560,31,0.5993,1
32,"2b",1,1561,19,0.6189,1
32,"2c",3,1562,4,0.5362,1
32,"2a",1,1563,31,0.6672,1
32,"2a",2,1564,9,0.5805,0
32,"2a",1,1565,31,0.6156,1
32,"2c",1,1566,1,0.5552,1
32,"2a",1,1567,9,0.5164,1
32,"2c",2,1568,31,0.4814,1
32,"2c",2,1569,31,0.6659,1
32,"2b",1,1570,1,0.6059,1
32,"2c",2,1571,4,0.519,1
32,"2c",1,1572,31,0.5017,1
32,"1a",2,1573,9,0.586,0
32,"2b",2,1574,1,0.7354,1
32,"1a",2,1575,1,0.5687,1
32,"2c",2,1576,4,0.7845,1
32,"2c",3,1577,19,0.5861,1
32,"1a",3,1578,4,0.6364,1
32,"2b",0,1579,0,0.5865,1
32,"2c",1,1580,19,0.6526,1
32,"1a",3,1581,4,0.568,1
32,"2b",2,1582,19,0.6822,1
32,"2b",2,1583,4,0.5678,1
32,"1a",0,1584,0,0.5217,1
32,"2a",3,1585,9,0.5205,1
32,"2b",1,1586,31,0.8323,1
32,"2a",3,1587,31,0.5504,1
32,"2b",2,1588,19,0.4851,1
32,"2c",2,1589,31,0.4807,1
32,"2c",3,1590,4,0.6199,1
32,"1a",2,1591,19,0.5136,1
32,"2c",0,1592,0,0.4711,0
32,"1a",3,1593,31,0.5819,1
32,"2b",3,1594,9,0.7859,1
32,"2a",1,1595,1,0.7884,1
32,"1a",1,1596,4,0.6538,1
32,"2a",2,1597,1,0.6684,1
32,"1a",2,1598,9,0.5709,1
32,"2a",1,1599,19,0.6526,1
6,"2c",2,0,4,1.1616,1
6,"2c",2,1,1,0.8528,1
6,"2c",3,2,19,1.1334,1
6,"2a",1,3,19,0.7362,1
6,"1a",2,4,31,0.6968,1
6,"1a",3,5,1,0.6048,1
6,"2b",1,6,4,0.721,1
6,"2c",3,7,1,0.601,1
6,"2b",3,8,19,0.7033,1
6,"1a",3,9,31,0.7825,1
6,"1a",3,10,19,0.6149,1
6,"2b",2,11,19,0.6352,1
6,"2b",1,12,9,1.2329,1
6,"2c",0,13,0,0.6027,1
6,"2c",2,14,19,0.6203,1
6,"2a",2,15,31,1.5951,1
6,"2c",3,16,4,0.7042,1
6,"2b",2,17,19,0.6505,1
6,"2c",2,18,1,0.5371,1
6,"2c",3,19,4,0.5215,1
6,"2c",0,20,0,0.5572,1
6,"2a",3,21,19,0.4513,1
6,"2c",3,22,9,0.6015,1
6,"1a",2,23,9,0.7347,1
6,"1a",2,24,4,0.7044,1
6,"2c",3,25,19,0.8869,1
6,"2c",3,26,4,0.8377,1
6,"2c",2,27,1,0.6031,1
6,"2c",0,28,0,0.5036,1
6,"2b",3,29,19,0.5301,1
6,"1a",1,30,19,1.4507,1
6,"1a",3,31,31,0.566,1
6,"2c",0,32,0,0.5221,1
6,"2a",3,33,4,0.5029,1
6,"2c",3,34,31,0.8168,1
6,"1a",1,35,31,0.5823,1
6,"2c",3,36,19,1.3839,1
6,"2c",3,37,4,0.7365,1
6,"2a",2,38,31,0.9437,1
6,"2a",3,39,4,0.7023,1
6,"2a",3,40,19,0.7835,1
6,"1a",1,41,4,0.5377,1
6,"2c",1,42,1,0.641,1
6,"2b",1,43,19,0.6531,1
6,"2b",2,44,19,0.5364,1
6,"1a",2,45,9,0.553,1
6,"2c",1,46,31,0.4518,1
6,"2b",1,47,1,0.4548,1
6,"1a",3,48,9,0.52,1
6,"2a",2,49,1,0.6551,1
6,"2b",3,50,1,0.5885,1
6,"1a",3,51,4,0.721,1
6,"2a",2,52,31,0.7745,1
6,"1a",2,53,19,0.5831,1
6,"1a",2,54,9,0.5861,1
6,"2b",2,55,9,0.5673,1
6,"2c",3,56,9,0.5342,1
6,"2b",3,57,4,0.4882,1
6,"2c",2,58,31,0.819,1
6,"2a",3,59,31,0.7025,1
6,"2c",1,60,9,0.6022,1
6,"2b",2,61,4,0.8215,1
6,"2b",0,62,0,0.4704,1
6,"2c",1,63,19,0.854,1
6,"2b",3,64,1,0.4373,0
6,"1a",1,65,1,0.5204,1
6,"2c",0,66,0,0.5227,1
6,"2b",1,67,1,0.7024,1
6,"1a",2,68,4,0.6707,1
6,"1a",3,69,9,0.6369,1
6,"2b",3,70,19,0.6,1
6,"2b",2,71,19,0.6502,1
6,"2b",3,72,31,0.5357,1
6,"2c",3,73,1,0.605,1
6,"1a",3,74,19,0.5347,1
6,"2a",1,75,1,0.491,1
6,"2b",2,76,31,0.6522,1
6,"2b",1,77,9,0.652,1
6,"2b",1,78,19,0.5836,1
6,"1a",3,79,1,0.6201,1
6,"2c",1,80,1,0.6046,1
6,"2a",2,81,19,0.5277,1
6,"1a",2,82,19,0.8334,1
6,"2c",1,83,9,0.9173,1
6,"2c",1,84,19,0.7512,1
6,"1a",1,85,1,0.97,1
6,"2a",2,86,19,0.9967,1
6,"1a",3,87,19,0.5659,1
6,"2a",1,88,4,0.6526,1
6,"1a",1,89,9,0.67,1
6,"2c",3,90,9,0.6187,1
6,"2b",3,91,19,0.9216,1
6,"2c",2,92,9,0.6034,1
6,"2a",1,93,1,0.739,1
6,"1a",2,94,19,0.7028,1
6,"2b",3,95,19,0.7521,1
6,"1a",1,96,31,1.0434,1
6,"2a",1,97,4,0.6049,1
6,"2a",1,98,31,0.6183,1
6,"2c",2,99,4,0.6529,1
6,"1a",1,100,19,0.6645,1
6,"2c",2,101,31,0.6499,1
6,"1a",2,102,31,0.6796,1
6,"1a",3,103,4,0.6017,1
6,"2b",3,104,31,0.8836,1
6,"1a",3,105,31,0.7971,1
6,"2a",1,106,9,0.6033,1
6,"2b",0,107,0,0.5731,1
6,"2c",3,108,9,0.4188,1
6,"2b",3,109,4,0.6725,1
6,"2a",2,110,4,0.7028,1
6,"1a",0,111,0,0.4873,0
6,"2c",3,112,4,0.5551,1
6,"2a",1,113,1,0.502,1
6,"2b",1,114,1,0.5879,1
6,"2c",1,115,1,0.5885,1
6,"1a",0,116,0,0.8375,1
6,"1a",2,117,4,0.6353,1
6,"2c",1,118,1,0.7722,1
6,"2a",3,119,1,0.6365,1
6,"2b",0,120,0,0.6544,1
6,"2c",1,121,1,0.7407,1
6,"1a",1,122,19,0.7978,1
6,"1a",1,123,4,0.685,1
6,"2c",3,124,9,0.7154,1
6,"2c",1,125,9,0.705,1
6,"2b",1,126,9,0.87,1
6,"2a",3,127,9,0.7866,1
6,"1a",1,128,4,0.8542,1
6,"1a",1,129,1,0.5874,1
6,"1a",2,130,31,0.7659,1
6,"2b",2,131,31,0.6992,1
6,"2b",3,132,31,0.7379,1
6,"2b",2,133,31,0.7685,1
6,"2c",0,134,0,0.4734,1
6,"2a",3,135,1,0.4892,1
6,"2a",1,136,19,0.634,1
6,"1a",2,137,4,0.772,1
6,"1a",2,138,4,0.9194,1
6,"1a",3,139,19,0.699,1
6,"2b",2,140,4,0.701,1
6,"1a",2,141,31,0.9151,1
6,"1a",2,142,9,0.7518,1
6,"2a",1,143,19,0.7869,1
6,"2a",3,144,19,0.7164,1
6,"2c",2,145,1,0.704,1
6,"2a",2,146,4,0.6682,1
6,"1a",2,147,1,0.7718,1
6,"1a",3,148,9,1.3218,1
6,"1a",2,149,1,0.6878,1
6,"1a",0,150,0,2.1222,1
6,"1a",3,151,1,0.6543,1
6,"2b",3,152,4,0.6383,1
6,"2c",1,153,4,0.5717,1
6,"1a",3,154,4,0.7032,1
6,"2a",3,155,19,0.7668,1
6,"2b",1,156,19,1.0022,1
6,"2c",2,157,4,0.6377,1
6,"2c",3,158,31,1.1342,1
6,"1a",2,159,4,0.6727,1
6,"2b",1,160,4,0.7067,1
6,"2c",2,161,4,0.8736,1
6,"2c",1,162,31,0.7337,1
6,"2c",1,163,19,0.6359,1
6,"2a",2,164,19,0.7811,1
6,"2a",2,165,9,0.9348,1
6,"2c",1,166,31,0.6191,1
6,"2c",2,167,31,0.566,1
6,"2c",1,168,4,0.7045,1
6,"2a",1,169,9,0.6036,1
6,"2b",2,170,4,0.536,0
6,"2b",3,171,4,0.5712,1
6,"1a",3,172,4,0.4538,0
6,"1a",3,173,9,0.6034,1
6,"1a",1,174,4,0.7698,1
6,"2b",2,175,31,0.8852,1
6,"2b",3,176,1,0.7198,1
6,"2a",1,177,19,0.7166,1
6,"1a",2,178,1,0.6379,1
6,"2b",1,179,19,0.7013,1
6,"2a",3,180,9,0.7546,1
6,"2c",1,181,19,0.6359,1
6,"2c",1,182,1,0.7557,1
6,"2c",1,183,19,0.6828,1
6,"2b",3,184,31,0.6503,1
6,"2c",2,185,4,0.472,1
6,"2c",2,186,9,0.7071,1
6,"1a",2,187,31,0.8476,1
6,"1a",1,188,1,1.1546,1
6,"1a",2,189,4,0.6521,1
6,"1a",1,190,9,0.9502,0
6,"2b",1,191,31,1.0682,1
6,"2a",2,192,4,0.8685,1
6,"1a",2,193,31,0.6991,1
6,"1a",2,194,4,0.6866,1
6,"1a",3,195,9,0.988,1
6,"2a",3,196,4,0.704,1
6,"2c",1,197,1,0.8215,1
6,"2b",2,198,9,0.5517,1
6,"2b",2,199,1,0.7218,1
6,"2c",2,200,1,0.5204,1
6,"2b",1,201,1,0.6873,1
6,"1a",0,202,0,0.6361,1
6,"1a",2,203,9,0.6874,1
6,"1a",3,204,1,0.6388,1
6,"2b",1,205,31,0.7514,1
6,"1a",3,206,19,0.5845,1
6,"2b",1,207,1,0.6547,1
6,"1a",3,208,19,0.7678,1
6,"2a",3,209,31,0.6836,1
6,"2a",0,210,0,0.6219,1
6,"2c",1,211,4,0.5546,1
6,"2b",1,212,31,0.6695,1
6,"1a",1,213,9,0.7534,1
6,"2b",1,214,1,0.6716,1
6,"1a",3,215,1,0.6873,1
6,"2c",3,216,19,0.7047,1
6,"1a",3,217,4,0.7337,1
6,"1a",1,218,31,1.2172,1
6,"1a",2,219,1,0.7204,1
6,"1a",0,220,0,0.5368,1
6,"1a",2,221,19,0.7997,1
6,"2a",2,222,9,0.6474,1
6,"2a",2,223,9,0.7831,1
6,"2c",2,224,19,0.7195,1
6,"1a",1,225,31,1.0148,1
6,"2a",0,226,0,0.7054,1
6,"2c",2,227,1,0.539,1
6,"2b",1,228,1,0.6551,1
6,"2b",3,229,4,0.5205,1
6,"2a",2,230,9,0.7349,1
6,"2a",1,231,9,0.8697,1
6,"1a",2,232,19,0.8005,1
6,"2b",2,233,19,0.7177,1
6,"2b",2,234,9,0.902,1
6,"2c",3,235,4,0.8847,1
6,"2b",2,236,4,0.9883,1
6,"2c",2,237,19,0.6851,1
6,"2b",2,238,31,0.7015,1
6,"2b",2,239,9,0.7172,1
6,"2a",1,240,4,0.4704,1
6,"2c",1,241,4,0.7226,1
6,"2c",3,242,19,0.9189,1
6,"2a",2,243,1,0.7713,1
6,"2c",3,244,19,0.5351,0
6,"2b",1,245,9,1.2198,1
6,"2c",1,246,4,0.5356,1
6,"2b",2,247,31,0.7161,1
6,"2a",1,248,4,0.8528,1
6,"1a",1,249,1,1.1037,1
6,"2b",1,250,1,0.8032,1
6,"2c",3,251,31,1.3516,1
6,"2c",2,252,1,0.5887,1
6,"2b",3,253,4,1.0387,1
6,"2a",3,254,1,0.5882,1
6,"2b",0,255,0,0.7049,1
6,"2a",1,256,31,1.0685,1
6,"1a",0,257,0,0.7554,1
6,"2a",1,258,9,0.8854,1
6,"2a",0,259,0,0.6049,1
6,"1a",1,260,4,0.8702,1
6,"2b",2,261,31,0.6853,1
6,"2b",3,262,1,0.5686,1
6,"2b",2,263,19,0.8021,1
6,"2c",1,264,31,0.7186,1
6,"2a",3,265,31,0.783,1
6,"2b",2,266,9,0.7031,1
6,"1a",1,267,1,0.6707,1
6,"2a",3,268,1,0.4553,1
6,"2b",3,269,19,0.7346,1
6,"2c",2,270,31,0.6519,1
6,"2c",2,271,4,0.7208,1
6,"1a",1,272,4,0.706,1
6,"2a",3,273,4,0.6047,0
6,"2b",3,274,31,0.7341,1
6,"2c",0,275,0,0.6056,1
6,"2c",2,276,4,0.753,1
6,"2b",2,277,31,0.7183,1
6,"2b",1,278,9,0.5871,1
6,"1a",3,279,19,0.6989,1
6,"1a",3,280,31,0.7171,1
6,"2b",2,281,1,0.6055,1
6,"2b",3,282,1,0.5192,1
6,"2c",0,283,0,0.6754,1
6,"2c",3,284,1,0.6535,1
6,"2a",3,285,1,0.886,1
6,"2b",2,286,19,1.021,1
6,"2c",1,287,1,0.7736,1
6,"2b",3,288,9,0.7169,1
6,"2a",1,289,9,0.8541,1
6,"1a",3,290,4,0.7233,1
6,"2c",2,291,19,0.7504,1
6,"2c",1,292,19,1.7168,1
6,"2a",1,293,1,0.721,1
6,"2b",3,294,9,0.7875,1
6,"2a",2,295,31,0.7281,1
6,"2b",3,296,9,0.9037,1
6,"2c",1,297,31,0.6992,1
6,"2b",2,298,19,0.7339,1
6,"1a",3,299,9,0.6859,1
6,"1a",1,300,1,1.4057,1
6,"1a",1,301,4,0.6039,1
6,"2c",1,302,1,0.6047,1
6,"2b",2,303,9,0.8355,1
6,"2b",3,304,4,0.7381,1
6,"1a",1,305,19,1.0158,1
6,"2b",2,306,19,0.619,1
6,"2b",2,307,19,0.6036,1
6,"2a",2,308,9,0.7806,1
6,"2a",1,309,31,0.8006,1
6,"2a",1,310,31,0.6368,1
6,"1a",3,311,19,0.7213,1
6,"1a",1,312,19,1.5663,1
6,"1a",0,313,0,0.6888,1
6,"2a",2,314,19,0.6979,1
6,"2a",3,315,31,0.6852,1
6,"1a",0,316,0,0.6887,1
6,"1a",1,317,31,0.6845,1
6,"2c",3,318,19,0.748,1
6,"2b",2,319,19,0.484,1
6,"2b",0,320,0,0.6543,1
6,"2b",1,321,9,0.6878,1
6,"2b",1,322,1,0.5686,1
6,"2c",2,323,31,0.6497,1
6,"2b",0,324,0,0.5365,1
6,"2b",1,325,4,0.7201,1
6,"2b",2,326,1,0.8047,1
6,"2c",1,327,9,0.618,1
6,"2a",3,328,4,0.7028,1
6,"1a",1,329,31,0.7155,1
6,"2c",2,330,1,0.6541,1
6,"1a",1,331,31,1.2148,1
6,"2a",2,332,9,0.7839,1
6,"2c",3,333,1,0.6224,1
6,"2c",1,334,4,0.5366,0
6,"2b",2,335,4,0.721,1
6,"2a",1,336,19,0.7142,1
6,"2b",1,337,1,0.6057,1
6,"2c",1,338,1,0.6015,1
6,"2c",1,339,1,0.5401,1
6,"1a",1,340,19,0.7675,1
6,"2a",2,341,31,0.6774,1
6,"2b",2,342,1,0.7046,1
6,"2c",2,343,31,0.7015,1
6,"2c",1,344,19,0.6186,1
6,"2b",3,345,9,0.7698,1
6,"2c",3,346,1,0.7383,1
6,"2c",2,347,4,0.6882,1
6,"2c",0,348,0,0.5237,1
6,"2a",3,349,19,0.7208,1
6,"2b",3,350,4,1.0546,1
6,"2b",3,351,9,0.854,1
6,"2b",1,352,19,0.9167,1
6,"2b",1,353,1,0.7378,1
6,"2a",1,354,9,1.0505,1
6,"2a",2,355,19,0.7299,1
6,"2c",3,356,9,0.9676,1
6,"2c",2,357,1,0.6574,1
6,"2b",3,358,9,0.802,1
6,"2a",1,359,4,0.6549,1
6,"2a",2,360,4,1.0356,1
6,"2a",1,361,4,0.7023,1
6,"2b",3,362,4,0.7075,1
6,"2b",1,363,4,0.904,1
6,"2b",1,364,31,0.717,1
6,"2a",3,365,4,0.7695,1
6,"1a",1,366,9,0.7179,1
6,"1a",2,367,1,0.8176,1
6,"1a",2,368,4,0.8371,1
6,"2a",2,369,1,0.8167,1
6,"2b",1,370,19,0.7194,1
6,"2a",1,371,4,0.9359,1
6,"2c",1,372,31,0.7853,1
6,"2a",1,373,9,0.6343,1
6,"2a",1,374,4,0.6865,1
6,"2c",3,375,4,0.7191,1
6,"2a",1,376,31,0.7525,1
6,"2b",2,377,4,0.8524,0
6,"2a",2,378,4,0.7191,1
6,"2c",1,379,9,0.6708,1
6,"2c",2,380,31,0.7492,1
6,"2c",0,381,0,0.5885,1
6,"2c",3,382,4,0.8049,1
6,"2c",2,383,9,0.7513,1
6,"2a",2,384,1,0.8384,1
6,"2c",3,385,19,0.8514,1
6,"1a",2,386,19,0.8171,1
6,"2c",3,387,31,0.8179,1
6,"2b",2,388,1,0.5861,1
6,"2a",1,389,19,0.7161,1
6,"1a",1,390,31,1.3469,1
6,"2b",1,391,4,0.8551,1
6,"1a",2,392,31,0.7659,1
6,"2c",3,393,9,0.8848,1
6,"2a",2,394,31,0.9257,1
6,"1a",3,395,31,0.7673,1
6,"1a",1,396,31,1.3628,1
6,"2c",2,397,9,0.8665,1
6,"1a",3,398,4,0.7186,1
6,"2a",1,399,1,0.6191,1
6,"2a",3,400,31,0.851,1
6,"2a",2,401,4,0.8851,1
6,"2b",0,402,0,0.7372,1
6,"1a",1,403,1,0.788,1
6,"2a",3,404,9,0.6722,1
6,"1a",3,405,9,0.7344,1
6,"1a",3,406,9,0.5709,1
6,"2b",2,407,4,0.7217,1
6,"1a",1,408,1,1.1052,1
6,"2a",3,409,1,0.6034,1
6,"2b",1,410,19,0.7718,1
6,"1a",2,411,31,0.7785,1
6,"1a",1,412,31,0.6959,1
6,"2a",3,413,9,0.7364,1
6,"2a",3,414,4,0.7043,1
6,"2c",1,415,19,1.0856,1
6,"2c",3,416,9,0.7026,1
6,"2b",2,417,9,0.6371,1
6,"2a",3,418,31,0.7667,1
6,"2c",2,419,4,0.7198,1
6,"1a",1,420,19,0.7441,1
6,"1a",3,421,19,0.9857,1
6,"2a",2,422,1,0.6703,1
6,"2b",2,423,9,1.0372,1
6,"1a",1,424,19,1.1306,1
6,"2a",1,425,9,0.6825,1
6,"2c",2,426,19,0.8203,1
6,"2a",3,427,31,0.9026,1
6,"2c",2,428,31,0.7179,1
6,"2a",2,429,19,1.013,1
6,"2b",3,430,9,0.7699,1
6,"1a",1,431,19,1.2168,1
6,"2c",1,432,31,1.4684,1
6,"2c",2,433,19,0.7034,1
6,"2b",1,434,9,0.7732,1
6,"1a",1,435,1,0.6695,1
6,"2a",3,436,9,0.6185,1
6,"2c",3,437,4,0.7865,1
6,"1a",2,438,19,0.5316,1
6,"1a",3,439,4,0.9216,1
6,"2b",0,440,0,0.67,1
6,"2b",3,441,19,0.6025,1
6,"2a",2,442,4,0.4671,1
6,"2b",1,443,9,0.7034,1
6,"2c",2,444,31,0.6148,1
6,"2c",3,445,9,1.0202,1
6,"2b",3,446,19,0.8534,1
6,"2a",2,447,19,0.6954,1
6,"2b",1,448,19,0.9163,1
6,"2c",3,449,31,0.9039,1
6,"2a",3,450,9,0.6202,1
6,"2c",3,451,9,0.6216,1
6,"1a",2,452,9,0.7862,1
6,"1a",2,453,1,0.6545,1
6,"2a",3,454,4,0.6028,1
6,"2b",0,455,0,0.4396,0
6,"2a",1,456,4,0.6047,1
6,"1a",3,457,4,0.8212,1
6,"2c",1,458,31,0.6352,1
6,"1a",3,459,4,0.7566,1
6,"2a",2,460,9,0.7504,1
6,"2c",2,461,9,0.7363,1
6,"2b",1,462,9,0.8208,1
6,"2a",1,463,4,0.8544,1
6,"2c",2,464,19,0.7027,1
6,"2a",1,465,19,0.8374,1
6,"2a",1,466,9,0.8181,1
6,"2a",3,467,9,0.7327,1
6,"2a",2,468,1,0.8226,1
6,"1a",2,469,19,0.7325,1
6,"2b",1,470,19,0.718,1
6,"2b",1,471,4,0.7715,1
6,"2b",2,472,1,0.7224,1
6,"1a",0,473,0,0.5539,1
6,"2b",1,474,31,0.7324,1
6,"2a",0,475,0,0.7215,1
6,"2c",3,476,9,0.7537,1
6,"2c",3,477,1,0.8222,1
6,"2c",2,478,31,1.0681,1
6,"2a",3,479,1,0.9535,1
6,"1a",1,480,1,0.7205,1
6,"2b",1,481,19,0.6827,1
6,"2a",1,482,1,1.4842,1
6,"2b",2,483,31,0.8023,1
6,"2a",2,484,19,0.7951,1
6,"2b",1,485,31,1.0104,1
6,"2c",0,486,0,0.737,1
6,"1a",2,487,4,1.4024,1
6,"2c",2,488,31,0.7153,1
6,"2a",1,489,19,0.7007,1
6,"2a",1,490,1,0.5213,1
6,"2c",2,491,19,0.6838,1
6,"2a",1,492,31,0.6516,1
6,"2b",1,493,1,0.72,1
6,"2a",1,494,19,0.6529,1
6,"2b",2,495,1,0.5725,1
6,"2b",3,496,19,0.8692,1
6,"2a",3,497,9,1.0021,1
6,"2a",1,498,31,0.7322,1
6,"2c",1,499,19,0.9344,1
6,"2a",1,500,31,1.2306,1
6,"1a",2,501,19,0.6986,1
6,"1a",3,502,1,0.7045,1
6,"2c",3,503,9,1.0515,1
6,"2c",1,504,4,0.7372,1
6,"2b",2,505,1,1.0217,1
6,"1a",1,506,31,1.1953,1
6,"2a",3,507,19,0.6712,1
6,"2c",3,508,31,0.9839,1
6,"2b",1,509,31,0.6849,1
6,"2a",1,510,9,0.6705,1
6,"2a",1,511,9,0.5866,1
6,"2a",2,512,9,0.9998,1
6,"2b",0,513,0,0.7889,1
6,"2a",2,514,4,0.7157,1
6,"1a",1,515,9,1.0522,1
6,"2c",1,516,9,0.5685,1
6,"2c",1,517,9,0.785,1
6,"1a",1,518,1,0.6556,1
6,"2a",1,519,1,0.7221,1
6,"2b",1,520,4,0.6865,1
6,"2a",1,521,31,0.7318,1
6,"2a",3,522,31,0.7159,1
6,"1a",3,523,9,0.934,1
6,"1a",2,524,1,0.8242,1
6,"2c",1,525,19,0.8004,1
6,"2b",1,526,1,0.5843,1
6,"2c",3,527,19,0.9371,1
6,"2a",2,528,9,0.6998,1
6,"2c",2,529,31,0.866,1
6,"2c",3,530,19,1.1682,1
6,"1a",2,531,19,0.6832,1
6,"2a",1,532,1,0.5882,1
6,"2a",1,533,9,0.7044,1
6,"2b",3,534,19,0.6341,1
6,"2c",2,535,4,0.6355,1
6,"2a",3,536,19,0.5877,1
6,"2c",3,537,4,0.6837,1
6,"2a",3,538,31,0.5988,1
6,"2b",3,539,31,0.7678,1
6,"2b",3,540,9,0.6497,1
6,"2c",2,541,19,0.6866,1
6,"2c",1,542,1,0.6549,1
6,"2b",2,543,9,0.5357,1
6,"2a",1,544,1,0.7548,0
6,"2c",0,545,0,1.137,1
6,"2b",2,546,1,0.7546,1
6,"2c",3,547,4,0.8554,1
6,"1a",1,548,19,0.9002,1
6,"2c",3,549,1,0.8209,1
6,"2c",3,550,31,1.0527,1
6,"2b",3,551,4,0.9875,1
6,"1a",2,552,9,0.7844,1
6,"2a",1,553,4,0.6382,1
6,"2b",1,554,31,0.8379,1
6,"2a",3,555,1,0.8555,1
6,"2a",3,556,19,0.6863,1
6,"1a",3,557,19,0.703,1
6,"2c",1,558,9,0.7857,1
6,"2b",3,559,4,0.7214,1
6,"1a",1,560,31,1.1155,1
6,"1a",2,561,4,0.687,1
6,"2b",1,562,1,0.6542,1
6,"2c",3,563,19,0.6694,1
6,"2c",2,564,31,0.7022,1
6,"2b",3,565,1,0.6221,1
6,"2b",3,566,1,0.7547,1
6,"2a",2,567,31,0.7945,1
6,"2a",1,568,1,0.6222,1
6,"2c",1,569,4,0.6679,1
6,"2b",2,570,19,0.7506,1
6,"2c",2,571,19,1.1711,1
6,"1a",1,572,9,1.1685,1
6,"2b",3,573,1,0.6399,1
6,"2a",2,574,4,0.6366,1
6,"2b",1,575,4,0.6031,1
6,"2b",3,576,1,0.8376,1
6,"2a",3,577,1,0.8895,1
6,"2b",2,578,1,0.7034,1
6,"2c",2,579,1,0.6213,1
6,"1a",2,580,1,0.6527,1
6,"2b",1,581,1,0.7861,1
6,"1a",1,582,4,0.9688,1
6,"1a",3,583,1,0.7334,1
6,"2b",1,584,1,0.7531,1
6,"2c",3,585,1,0.653,1
6,"2b",3,586,19,0.5667,1
6,"2b",3,587,9,0.7336,1
6,"2c",1,588,4,0.6554,1
6,"2b",3,589,19,0.6526,1
6,"1a",2,590,1,0.6718,1
6,"2b",2,591,1,0.6715,1
6,"1a",3,592,31,0.5286,1
6,"1a",1,593,31,0.665,1
6,"2b",3,594,9,0.7204,1
6,"1a",1,595,1,0.4853,0
6,"1a",2,596,31,0.7958,1
6,"2a",2,597,4,0.9025,1
6,"1a",0,598,0,0.6082,1
6,"2a",1,599,31,0.6502,1
6,"2b",2,600,1,0.6367,1
6,"2a",1,601,31,0.6676,1
6,"1a",1,602,1,0.6911,1
6,"2c",2,603,4,0.9322,1
6,"2c",2,604,19,1.5852,1
6,"2b",2,605,9,0.5882,1
6,"2c",3,606,31,0.9196,1
6,"1a",3,607,31,0.8668,1
6,"1a",2,608,9,0.7017,1
6,"1a",3,609,31,0.5976,1
6,"2c",0,610,0,0.703,1
6,"2a",2,611,31,1.1952,1
6,"2a",2,612,9,0.9482,1
6,"1a",1,613,4,0.7046,1
6,"2b",1,614,31,0.7842,1
6,"1a",1,615,31,0.9157,1
6,"2a",2,616,4,0.5677,1
6,"2b",2,617,1,0.6731,1
6,"1a",2,618,31,0.8308,1
6,"2a",3,619,19,0.7531,1
6,"1a",3,620,31,0.698,1
6,"2a",0,621,0,0.8862,1
6,"1a",1,622,4,0.9556,1
6,"2b",2,623,9,1.1836,1
6,"1a",2,624,31,0.701,1
6,"1a",1,625,9,0.7856,1
6,"1a",3,626,31,1.032,1
6,"2b",3,627,31,0.67,1
6,"2c",2,628,31,0.7048,1
6,"1a",3,629,9,0.6842,1
6,"2a",3,630,19,0.7518,1
6,"2c",1,631,31,0.5708,1
6,"2b",3,632,9,0.8195,1
6,"2c",3,633,31,1.2332,1
6,"2a",1,634,1,0.7057,1
6,"2c",1,635,31,0.6344,1
6,"1a",3,636,1,0.5728,1
6,"2b",3,637,31,0.9193,1
6,"2b",1,638,4,0.6726,1
6,"2b",0,639,0,0.6561,1
6,"2a",2,640,4,0.6836,1
6,"2b",2,641,4,0.687,1
6,"2a",0,642,0,0.5548,1
6,"1a",0,643,0,0.5726,1
6,"2b",2,644,31,0.6665,1
6,"2a",3,645,1,0.7212,1
6,"2c",1,646,31,0.6319,1
6,"2c",3,647,31,0.4658,1
6,"1a",3,648,19,0.6147,1
6,"2c",2,649,9,0.52,1
6,"2a",0,650,0,0.5528,0
6,"2c",2,651,19,0.8189,1
6,"2b",3,652,31,0.7338,1
6,"2c",0,653,0,0.605,1
6,"2c",3,654,4,0.7877,1
6,"2c",1,655,19,0.6029,1
6,"2a",1,656,9,0.7196,1
6,"2c",1,657,31,0.8491,1
6,"2c",0,658,0,0.5549,1
6,"2a",2,659,31,0.6248,1
6,"2b",2,660,31,0.7366,1
6,"2b",3,661,1,0.5551,1
6,"2c",1,662,31,0.7511,1
6,"2a",2,663,4,0.7336,1
6,"1a",3,664,1,0.6039,1
6,"2c",3,665,19,0.7688,1
6,"2c",2,666,1,0.6017,1
6,"2a",2,667,1,0.6242,1
6,"2b",3,668,1,0.6022,1
6,"1a",0,669,0,0.4526,0
6,"2a",2,670,31,0.696,1
6,"2c",3,671,1,0.606,1
6,"2b",1,672,19,0.8364,1
6,"2b",2,673,1,0.5378,1
6,"1a",1,674,9,0.6188,1
6,"2b",2,675,4,0.523,1
6,"2a",3,676,4,0.5313,1
6,"2a",3,677,4,0.6542,1
6,"1a",1,678,9,0.9013,1
6,"2b",0,679,0,0.5537,1
6,"2b",3,680,31,0.8503,1
6,"1a",2,681,19,0.6841,1
6,"2b",3,682,19,0.5847,1
6,"2b",3,683,1,1.7715,1
6,"2b",2,684,19,0.7185,1
6,"2b",3,685,19,1.3532,1
6,"2a",2,686,1,0.7745,1
6,"2a",3,687,4,0.7809,1
6,"1a",3,688,9,0.6351,1
6,"2a",1,689,19,0.6672,1
6,"2b",3,690,31,0.7322,1
6,"2c",3,691,1,0.6211,1
6,"2b",0,692,0,0.5231,0
6,"2c",1,693,19,0.8333,1
6,"2c",3,694,4,0.7374,1
6,"2c",3,695,9,0.7686,1
6,"1a",1,696,9,0.6527,1
6,"1a",1,697,19,0.9677,1
6,"2c",1,698,9,0.752,1
6,"2c",2,699,19,0.9325,1
6,"2c",1,700,31,0.7161,1
6,"2c",3,701,19,0.9661,1
6,"1a",1,702,1,0.8356,1
6,"2b",1,703,19,0.8217,1
6,"2b",3,704,19,0.7162,1
6,"2c",1,705,9,0.6859,1
6,"2a",3,706,19,0.537,1
6,"1a",2,707,19,0.6164,1
6,"2b",2,708,31,0.6493,1
6,"1a",3,709,31,0.6133,1
6,"2b",0,710,0,0.6716,1
6,"2a",1,711,1,0.5682,1
6,"2b",2,712,4,0.6695,1
6,"2c",3,713,9,1.037,1
6,"2c",3,714,31,0.7669,1
6,"1a",3,715,9,0.6733,1
6,"2c",1,716,31,0.8851,1
6,"2b",1,717,19,0.7367,1
6,"2b",2,718,19,0.6686,1
6,"2b",1,719,31,0.7355,1
6,"2a",0,720,0,0.6053,1
6,"1a",3,721,4,0.6063,1
6,"2a",2,722,9,0.5492,1
6,"1a",2,723,19,0.8311,1
6,"1a",3,724,19,0.5667,1
6,"2a",2,725,9,0.5992,1
6,"2a",1,726,1,0.7192,1
6,"2a",2,727,19,1.1793,1
6,"2a",1,728,1,0.6742,1
6,"2a",2,729,9,0.5174,1
6,"1a",3,730,4,1.3684,1
6,"2c",1,731,31,0.6147,1
6,"2b",2,732,19,0.6862,1
6,"2a",1,733,19,0.6698,1
6,"2a",1,734,1,0.6034,1
6,"2b",2,735,4,0.6047,1
6,"1a",2,736,4,0.8052,1
6,"2a",3,737,4,0.8047,1
6,"2b",2,738,19,0.6683,1
6,"2b",1,739,9,0.7039,1
6,"2b",2,740,4,0.6035,1
6,"2a",3,741,4,0.7368,1
6,"1a",3,742,9,0.6678,1
6,"2c",2,743,1,0.6716,1
6,"2a",2,744,4,0.7015,1
6,"1a",3,745,31,0.5677,1
6,"2a",3,746,31,0.775,1
6,"2a",3,747,4,0.5702,1
6,"1a",1,748,1,0.6205,1
6,"2a",1,749,4,0.6033,1
6,"2b",3,750,1,0.6218,1
6,"2a",1,751,4,0.8205,1
6,"2c",2,752,19,0.5858,1
6,"2a",2,753,19,0.6155,1
6,"2c",2,754,4,1.0556,1
6,"2c",3,755,9,0.6532,1
6,"2b",2,756,9,0.554,1
6,"1a",2,757,1,0.6889,1
6,"2a",2,758,19,0.9786,1
6,"1a",3,759,31,0.7332,1
6,"1a",2,760,9,0.6502,1
6,"2c",1,761,4,0.6352,1
6,"2c",2,762,9,0.6674,1
6,"1a",2,763,9,0.6872,1
6,"1a",2,764,19,0.5658,1
6,"2c",2,765,9,0.7863,1
6,"2c",3,766,9,1.0033,1
6,"2c",3,767,4,0.721,1
6,"1a",1,768,9,0.5875,1
6,"2b",3,769,31,0.5865,1
6,"2c",2,770,9,0.82,1
6,"1a",2,771,31,0.5493,1
6,"1a",0,772,0,0.7051,1
6,"2b",1,773,31,0.6203,1
6,"1a",3,774,19,0.5007,1
6,"2b",0,775,0,0.6533,1
6,"2c",3,776,4,0.6511,0
6,"2b",1,777,19,0.8846,1
6,"2a",3,778,9,0.8532,1
6,"2c",3,779,1,0.6201,0
6,"2c",3,780,4,0.6247,1
6,"2a",3,781,1,0.6568,1
6,"1a",2,782,19,0.7998,1
6,"2a",3,783,31,0.9158,1
6,"2b",3,784,31,0.6519,1
6,"1a",2,785,9,0.7338,1
6,"1a",3,786,31,0.6319,1
6,"2b",2,787,1,0.7369,1
6,"1a",3,788,1,0.6719,1
6,"2a",3,789,31,0.7678,1
6,"2b",3,790,9,0.5032,0
6,"1a",3,791,9,0.8999,1
6,"2b",3,792,1,0.6528,1
6,"2c",1,793,4,0.5855,1
6,"2b",3,794,4,0.5849,1
6,"2b",3,795,4,0.5185,1
6,"1a",3,796,4,0.6182,1
6,"1a",2,797,1,0.6712,1
6,"2a",3,798,19,0.7002,1
6,"2b",3,799,31,1.0683,1
6,"1a",2,800,4,0.7522,1
6,"1a",2,801,4,0.8191,1
6,"2c",2,802,4,0.7029,1
6,"2a",3,803,9,0.555,1
6,"1a",3,804,1,0.9532,1
6,"2c",2,805,31,0.7513,1
6,"2c",3,806,1,0.6867,1
6,"2c",0,807,0,1.0203,1
6,"2a",3,808,1,0.5873,1
6,"2c",3,809,9,0.7188,1
6,"2a",1,810,9,0.7535,1
6,"2b",3,811,4,0.537,1
6,"1a",2,812,4,0.8212,1
6,"2c",3,813,19,1.1355,1
6,"2a",3,814,9,0.6505,1
6,"1a",1,815,9,0.7335,1
6,"2a",3,816,4,0.5867,1
6,"2c",2,817,31,0.6353,1
6,"2a",1,818,4,0.6042,1
6,"2a",2,819,1,0.6001,1
6,"2a",1,820,31,0.6691,1
6,"2c",2,821,1,0.587,1
6,"1a",1,822,1,0.6559,1
6,"2c",3,823,1,0.5054,1
6,"2c",2,824,1,0.6727,1
6,"2b",3,825,1,0.6219,1
6,"2c",2,826,1,0.568,1
6,"2a",2,827,9,0.6821,1
6,"2a",2,828,9,0.6985,1
6,"2a",2,829,31,0.5773,0
6,"2b",3,830,1,0.7052,1
6,"1a",1,831,19,0.7495,1
6,"2a",0,832,0,0.6077,1
6,"2b",2,833,9,0.5529,1
6,"2a",1,834,19,0.7032,1
6,"2c",1,835,1,0.5205,1
6,"1a",0,836,0,0.7729,1
6,"2b",1,837,4,0.5994,1
6,"2b",1,838,31,0.716,1
6,"2a",3,839,4,0.7383,1
6,"2c",1,840,9,0.8217,1
6,"2a",3,841,1,0.4921,1
6,"1a",2,842,31,0.8002,1
6,"2b",2,843,4,0.6539,1
6,"2c",3,844,9,0.8201,1
6,"2c",1,845,9,0.6665,1
6,"2a",3,846,31,0.618,1
6,"2b",2,847,4,1.1548,1
6,"2a",2,848,19,0.912,1
6,"2b",3,849,9,0.6384,1
6,"2b",2,850,9,0.6715,1
6,"1a",1,851,31,0.7844,1
6,"2c",3,852,1,0.6235,1
6,"2c",2,853,19,0.7519,1
6,"1a",3,854,4,0.8486,1
6,"2a",2,855,4,0.7219,1
6,"1a",1,856,31,0.9811,1
6,"2a",2,857,9,0.9512,1
6,"1a",2,858,1,0.8356,1
6,"1a",2,859,4,1.1509,1
6,"2b",3,860,4,0.6028,1
6,"1a",3,861,31,0.6658,1
6,"2a",3,862,19,0.6705,1
6,"1a",2,863,31,0.7632,1
6,"2a",3,864,31,0.6493,1
6,"2a",1,865,31,0.6507,1
6,"2b",3,866,31,0.6661,1
6,"2b",0,867,0,0.5695,1
6,"1a",3,868,1,0.6375,1
6,"2a",2,869,19,0.7294,1
6,"2b",2,870,31,0.4819,1
6,"2a",1,871,31,0.7805,1
6,"1a",1,872,9,0.8334,1
6,"2b",0,873,0,0.4709,1
6,"1a",3,874,19,0.6647,1
6,"2a",3,875,9,0.8689,1
6,"2b",1,876,31,1.0669,1
6,"2a",1,877,31,0.8017,1
6,"2b",1,878,9,0.8701,1
6,"2a",2,879,1,0.8037,1
6,"2a",2,880,19,0.6445,1
6,"2a",1,881,9,0.8692,1
6,"2b",2,882,1,0.6347,1
6,"2a",2,883,19,0.9815,1
6,"2b",1,884,4,0.9049,1
6,"2b",1,885,9,0.6698,1
6,"2c",1,886,19,0.5522,1
6,"2c",1,887,19,0.4694,1
6,"2c",1,888,1,0.7205,1
6,"1a",0,889,0,0.4391,1
6,"2b",2,890,31,0.6534,1
6,"2a",2,891,31,0.6776,1
6,"2a",3,892,4,0.5842,1
6,"2c",1,893,9,0.6193,1
6,"2c",2,894,4,0.5669,1
6,"1a",3,895,31,0.732,1
6,"2a",2,896,1,0.6185,1
6,"2c",3,897,1,0.738,1
6,"2b",3,898,4,0.7042,1
6,"1a",1,899,9,1.1361,1
6,"2a",2,900,31,0.8607,0
6,"2a",1,901,19,0.6033,1
6,"2a",2,902,9,0.9492,1
6,"2b",1,903,31,1.5161,1
6,"2a",2,904,19,0.7768,1
6,"2c",3,905,31,0.7162,1
6,"2a",2,906,1,0.6543,1
6,"2c",1,907,1,0.7015,1
6,"2b",2,908,4,0.8674,1
6,"2b",3,909,9,0.7858,1
6,"2c",1,910,4,0.7688,1
6,"2c",2,911,4,1.3367,1
6,"2c",1,912,31,0.683,1
6,"2a",2,913,31,0.8589,1
6,"1a",3,914,4,0.9353,1
6,"1a",2,915,9,0.6367,1
6,"1a",1,916,4,0.7195,1
6,"2b",2,917,19,0.7368,1
6,"2b",1,918,4,0.7369,1
6,"1a",2,919,31,0.795,1
6,"2b",2,920,9,0.8842,1
6,"2c",1,921,4,0.6694,1
6,"2c",1,922,4,0.7404,1
6,"2c",3,923,1,0.604,1
6,"2a",1,924,9,0.7863,1
6,"2b",2,925,4,0.7044,1
6,"2a",1,926,1,0.7355,1
6,"2b",3,927,9,0.7687,1
6,"2b",1,928,9,0.9695,1
6,"2a",3,929,31,0.6348,1
6,"2a",2,930,31,1.2285,1
6,"2b",1,931,9,0.7532,1
6,"2a",3,932,9,0.7522,1
6,"2a",2,933,9,0.6657,1
6,"2b",3,934,9,0.6851,1
6,"2c",1,935,9,0.6848,1
6,"2b",1,936,19,0.9353,1
6,"2c",1,937,9,0.6703,1
6,"2a",2,938,1,0.571,1
6,"2a",1,939,19,0.6196,1
6,"2c",3,940,4,0.8345,1
6,"2c",1,941,19,0.6518,1
6,"2b",1,942,31,0.8992,1
6,"1a",2,943,4,0.6014,0
6,"2c",1,944,4,0.6027,1
6,"2b",3,945,31,0.5826,1
6,"2c",3,946,4,0.7364,1
6,"2a",1,947,31,0.7149,1
6,"2a",2,948,1,0.8181,0
6,"2c",2,949,9,0.5368,1
6,"2c",2,950,9,0.6028,1
6,"2a",3,951,4,0.5046,1
6,"2a",1,952,19,0.7181,1
6,"1a",1,953,4,0.8187,1
6,"2c",1,954,4,0.6532,1
6,"2b",2,955,19,0.569,1
6,"2a",1,956,4,0.6172,0
6,"2c",2,957,19,0.8355,1
6,"2c",3,958,31,1.1346,1
6,"2b",3,959,9,0.6346,1
6,"2a",0,960,0,0.5365,1
6,"2a",3,961,1,0.5703,1
6,"2c",2,962,4,0.5029,1
6,"1a",1,963,9,0.8841,1
6,"1a",1,964,4,0.5862,1
6,"1a",2,965,9,0.6841,1
6,"1a",2,966,9,0.6511,1
6,"1a",2,967,31,0.6473,1
6,"1a",1,968,1,0.7373,1
6,"2a",1,969,1,0.6537,1
6,"1a",3,970,1,0.5371,1
6,"2b",1,971,4,0.5846,1
6,"2b",1,972,9,0.6178,1
6,"2b",1,973,31,0.7678,1
6,"2c",1,974,9,0.6706,1
6,"2c",2,975,31,0.5855,1
6,"2c",3,976,19,0.6334,1
6,"2b",2,977,1,0.4864,1
6,"2a",2,978,9,0.6683,1
6,"1a",3,979,19,0.6491,1
6,"2b",3,980,31,0.6814,1
6,"1a",2,981,1,0.6877,1
6,"1a",3,982,31,0.7467,1
6,"2c",2,983,9,0.7342,1
6,"2c",1,984,1,0.623,1
6,"2a",1,985,9,0.5855,1
6,"2c",0,986,0,0.5209,1
6,"2a",3,987,31,0.6169,1
6,"2b",1,988,4,0.5365,0
6,"1a",3,989,1,0.5531,1
6,"2b",3,990,9,0.8344,1
6,"1a",1,991,4,0.8012,1
6,"1a",3,992,31,0.665,1
6,"2c",2,993,9,0.7325,1
6,"2b",2,994,9,0.5498,1
6,"2a",3,995,1,0.5722,1
6,"2a",0,996,0,0.6053,1
6,"2a",2,997,31,0.7907,1
6,"2b",1,998,4,0.853,1
6,"1a",1,999,19,1.0162,1
6,"2a",3,1000,19,0.7023,1
6,"1a",1,1001,4,0.5169,1
6,"1a",1,1002,4,0.7362,1
6,"2c",3,1003,1,0.7061,0
6,"1a",0,1004,0,1.221,1
6,"2b",2,1005,4,0.8677,1
6,"2c",3,1006,31,0.7997,1
6,"2a",2,1007,9,0.7,1
6,"2a",0,1008,0,0.5693,1
6,"2a",3,1009,9,0.5864,1
6,"2a",3,1010,19,0.6998,1
6,"2c",2,1011,19,0.5864,1
6,"2b",0,1012,0,0.7219,1
6,"2a",2,1013,31,0.7565,1
6,"2a",1,1014,9,0.8373,1
6,"2c",2,1015,31,0.6522,1
6,"2a",3,1016,1,0.6044,1
6,"2b",2,1017,31,0.6146,1
6,"2a",3,1018,9,0.5856,0
6,"1a",1,1019,19,1.1165,1
6,"2a",2,1020,31,0.6949,1
6,"2c",1,1021,4,0.7374,1
6,"1a",3,1022,19,0.6647,1
6,"2b",3,1023,19,0.6692,1
6,"1a",2,1024,1,0.5875,1
6,"2b",3,1025,19,0.7833,1
6,"2b",1,1026,9,0.7377,1
6,"1a",2,1027,4,0.7874,1
6,"2a",2,1028,31,0.7587,1
6,"2b",2,1029,31,0.9179,1
6,"2b",1,1030,1,0.6202,1
6,"2c",3,1031,31,1.0013,1
6,"2b",1,1032,31,0.8651,1
6,"1a",1,1033,4,0.7039,1
6,"2a",0,1034,0,0.6052,1
6,"2a",3,1035,9,0.6691,1
6,"1a",2,1036,1,0.7207,1
6,"2a",2,1037,1,0.8553,1
6,"1a",1,1038,19,0.815,1
6,"2b",3,1039,4,0.67,1
6,"2a",3,1040,19,0.6375,1
6,"1a",3,1041,4,0.5874,1
6,"1a",3,1042,19,0.6507,1
6,"2c",1,1043,19,0.7006,1
6,"2b",2,1044,19,0.6522,1
6,"2c",3,1045,1,0.9035,1
6,"2c",2,1046,31,0.7852,1
6,"2b",2,1047,9,0.5718,1
6,"2b",3,1048,1,0.6389,1
6,"2c",1,1049,4,0.8868,1
6,"2a",2,1050,1,0.7381,1
6,"2a",2,1051,1,0.9675,1
6,"2b",2,1052,1,0.7875,1
6,"1a",3,1053,1,0.7857,1
6,"2a",1,1054,31,0.67,1
6,"1a",0,1055,0,0.7019,1
6,"2b",2,1056,1,1.2052,1
6,"2a",1,1057,9,0.7511,1
6,"1a",2,1058,9,0.9209,1
6,"2c",1,1059,19,0.685,1
6,"2c",2,1060,4,0.7019,1
6,"2a",1,1061,31,0.5976,1
6,"1a",2,1062,19,0.9161,1
6,"2a",3,1063,1,0.5691,1
6,"1a",3,1064,1,0.637,1
6,"1a",3,1065,9,0.5846,1
6,"1a",1,1066,19,0.6482,1
6,"2b",1,1067,19,0.715,1
6,"2b",1,1068,9,0.752,1
6,"2a",0,1069,0,0.5542,1
6,"2c",3,1070,9,0.8368,1
6,"2a",3,1071,9,0.6009,1
6,"1a",2,1072,9,0.768,1
6,"2b",3,1073,4,0.8046,1
6,"2a",1,1074,4,0.8023,1
6,"2a",3,1075,1,0.6704,1
6,"2b",1,1076,1,0.639,1
6,"1a",1,1077,4,0.5366,0
6,"2c",2,1078,9,0.7031,1
6,"2a",3,1079,31,0.568,1
6,"1a",2,1080,19,0.85,1
6,"2c",2,1081,31,0.6826,1
6,"2a",3,1082,9,0.6865,1
6,"2a",2,1083,1,0.802,1
6,"2c",0,1084,0,0.5374,1
6,"2a",3,1085,31,0.7486,1
6,"2c",2,1086,19,0.6857,1
6,"2c",2,1087,1,0.6519,1
6,"2b",3,1088,19,0.6026,1
6,"1a",1,1089,19,0.6664,0
6,"1a",2,1090,1,0.7049,1
6,"1a",1,1091,4,0.5529,1
6,"2a",2,1092,1,0.7173,1
6,"2a",2,1093,19,0.68,1
6,"2c",2,1094,9,0.6534,1
6,"2c",3,1095,19,1.0998,1
6,"2a",2,1096,1,1.0488,1
6,"1a",3,1097,9,0.6172,1
6,"2a",2,1098,4,0.8524,1
6,"2c",1,1099,9,1.2531,1
6,"2c",1,1100,4,0.7694,0
6,"2c",3,1101,31,0.6849,1
6,"1a",2,1102,1,0.5872,1
6,"2a",2,1103,4,0.6496,1
6,"2c",1,1104,9,0.5692,1
6,"2a",1,1105,4,0.6055,1
6,"2a",1,1106,4,0.6022,1
6,"2c",3,1107,1,0.5698,1
6,"1a",2,1108,31,0.6631,1
6,"2b",1,1109,9,0.8554,1
6,"2b",2,1110,4,0.6016,1
6,"1a",1,1111,1,0.6202,1
6,"2b",1,1112,9,0.5697,0
6,"2c",0,1113,0,0.9041,1
6,"2a",0,1114,0,0.5702,1
6,"2a",1,1115,19,0.816,1
6,"1a",3,1116,19,0.6327,1
6,"1a",1,1117,31,0.7668,1
6,"2c",1,1118,19,0.5019,1
6,"2b",1,1119,4,0.5861,1
6,"2c",1,1120,4,0.6352,1
6,"2c",3,1121,4,0.6018,1
6,"2a",2,1122,19,0.7499,1
6,"1a",2,1123,19,0.6318,1
6,"2c",3,1124,31,0.4702,1
6,"2b",3,1125,19,0.7196,1
6,"1a",3,1126,9,0.8354,1
6,"2b",3,1127,19,0.6889,1
6,"2c",3,1128,4,0.6368,1
6,"2b",3,1129,1,0.6994,1
6,"2b",2,1130,9,0.7337,1
6,"2c",3,1131,19,1.1822,1
6,"2a",3,1132,31,0.7358,1
6,"2b",3,1133,1,0.8049,1
6,"2c",1,1134,1,0.8517,1
6,"1a",1,1135,31,1.1977,1
6,"2c",3,1136,31,0.6822,1
6,"2b",3,1137,4,0.7069,1
6,"1a",3,1138,1,0.5361,1
6,"2c",2,1139,9,0.6709,1
6,"2a",1,1140,1,0.6379,1
6,"2c",2,1141,19,0.6666,1
6,"2c",2,1142,4,0.7198,1
6,"1a",2,1143,19,0.7158,1
6,"2c",2,1144,1,0.6184,1
6,"2c",2,1145,4,0.5377,1
6,"2c",2,1146,19,0.6865,1
6,"1a",1,1147,19,0.7478,1
6,"2a",3,1148,19,0.534,1
6,"1a",2,1149,9,0.6521,1
6,"1a",2,1150,4,0.5702,0
6,"1a",1,1151,9,0.7156,1
6,"2a",3,1152,1,0.6881,1
6,"2a",1,1153,19,0.5849,1
6,"2a",3,1154,19,0.766,1
6,"1a",3,1155,9,0.5853,1
6,"1a",3,1156,1,0.5045,1
6,"2b",1,1157,19,0.7024,1
6,"1a",1,1158,31,0.9307,1
6,"2b",2,1159,9,0.9361,1
6,"1a",1,1160,9,0.7693,1
6,"2a",2,1161,4,0.7039,1
6,"2b",0,1162,0,0.4877,1
6,"1a",2,1163,1,0.5527,1
6,"2b",1,1164,9,0.6697,1
6,"2c",2,1165,9,0.5528,1
6,"1a",1,1166,9,0.7355,1
6,"2c",3,1167,19,0.8151,1
6,"2b",1,1168,4,0.5362,1
6,"2c",2,1169,4,0.5867,1
6,"1a",1,1170,19,1.2336,1
6,"2c",2,1171,9,0.687,1
6,"2b",2,1172,4,0.5678,1
6,"1a",2,1173,1,0.8858,1
6,"1a",3,1174,1,0.6044,1
6,"2b",0,1175,0,0.5374,1
6,"2c",1,1176,31,0.515,0
6,"2c",3,1177,19,1.1689,1
6,"2c",3,1178,31,0.8141,1
6,"2a",1,1179,31,0.7981,1
6,"2b",1,1180,1,0.6847,1
6,"2a",1,1181,4,0.9016,1
6,"2c",1,1182,9,0.5871,0
6,"2b",2,1183,19,0.6855,1
6,"2a",3,1184,9,0.8506,1
6,"1a",2,1185,9,0.6522,1
6,"1a",0,1186,0,0.6053,1
6,"2c",1,1187,1,0.7713,1
6,"1a",3,1188,4,0.5861,1
6,"1a",2,1189,1,0.7372,1
6,"1a",2,1190,19,0.6329,1
6,"2a",0,1191,0,0.6238,1
6,"2c",1,1192,19,0.6017,1
6,"2c",3,1193,19,0.6543,1
6,"2b",3,1194,9,0.735,1
6,"2c",0,1195,0,0.6395,1
6,"1a",3,1196,4,0.569,0
6,"2a",0,1197,0,0.5889,1
6,"2b",2,1198,31,0.5817,1
6,"2c",3,1199,1,0.9874,1
6,"1a",1,1200,9,0.9697,1
6,"1a",0,1201,0,0.7203,1
6,"1a",3,1202,4,0.9506,1
6,"2b",3,1203,1,0.6537,1
6,"2c",3,1204,31,0.6507,1
6,"2a",3,1205,4,0.7512,1
6,"2b",1,1206,31,0.8019,1
6,"2b",3,1207,31,0.7826,1
6,"2c",1,1208,9,0.7372,1
6,"2a",3,1209,9,0.7023,1
6,"2b",1,1210,31,0.6015,1
6,"1a",2,1211,31,0.5815,0
6,"2c",2,1212,9,0.6021,1
6,"1a",3,1213,9,0.6332,1
6,"1a",3,1214,19,0.6978,1
6,"2c",2,1215,9,0.5351,1
6,"2c",2,1216,1,0.7038,1
6,"2a",3,1217,1,0.4697,1
6,"2b",2,1218,1,0.7701,1
6,"2b",3,1219,4,0.7538,1
6,"2a",0,1220,0,0.6707,1
6,"1a",3,1221,9,0.6169,1
6,"2a",1,1222,19,0.5365,1
6,"2a",2,1223,31,0.6449,1
6,"2a",1,1224,31,0.6146,1
6,"2b",2,1225,31,0.6152,1
6,"2b",3,1226,31,0.5835,0
6,"2b",1,1227,19,0.4844,1
6,"2c",2,1228,1,0.5223,1
6,"2b",1,1229,31,0.9032,1
6,"2b",1,1230,19,0.6856,1
6,"2a",1,1231,1,0.8201,1
6,"1a",3,1232,19,0.8158,1
6,"2b",2,1233,31,0.6355,1
6,"2a",2,1234,4,0.6512,1
6,"1a",0,1235,0,0.4869,1
6,"2b",2,1236,31,0.7323,1
6,"1a",1,1237,31,0.6091,1
6,"2a",0,1238,0,0.5861,1
6,"2b",1,1239,4,0.7209,0
6,"2a",2,1240,19,1.1965,1
6,"1a",2,1241,9,0.5854,0
6,"2c",1,1242,1,1.2047,1
6,"2b",3,1243,31,0.586,1
6,"2a",0,1244,0,0.5555,1
6,"2a",1,1245,4,0.6719,1
6,"2a",3,1246,4,0.6322,1
6,"1a",1,1247,9,0.6489,1
6,"1a",2,1248,31,0.6806,1
6,"1a",3,1249,1,0.6341,1
6,"2c",3,1250,9,0.7015,1
6,"1a",2,1251,9,0.587,1
6,"1a",2,1252,4,0.7359,1
6,"2c",1,1253,31,0.6492,1
6,"2a",3,1254,19,0.7511,1
6,"2a",1,1255,19,0.6676,1
6,"2b",3,1256,9,0.6366,1
6,"2a",3,1257,31,0.7324,1
6,"2c",1,1258,31,0.6491,1
6,"1a",3,1259,31,0.6327,1
6,"2a",3,1260,19,0.6996,1
6,"1a",3,1261,4,0.588,1
6,"2a",2,1262,4,0.7204,1
6,"1a",3,1263,31,0.7308,1
6,"2a",1,1264,19,0.7838,1
6,"2b",1,1265,19,1.0016,1
6,"2c",2,1266,1,0.5688,1
6,"2b",1,1267,4,0.8511,1
6,"2b",2,1268,4,0.7049,1
6,"2c",1,1269,19,0.7167,0
6,"1a",1,1270,19,0.6654,1
6,"2b",1,1271,4,0.6361,1
6,"2b",1,1272,1,0.5682,1
6,"2a",2,1273,19,0.796,1
6,"2b",2,1274,9,0.801,1
6,"1a",1,1275,4,0.7867,1
6,"1a",2,1276,31,0.7954,1
6,"2c",1,1277,1,0.5882,1
6,"1a",1,1278,1,0.7181,0
6,"2a",1,1279,9,0.5889,1
6,"1b",3,1280,31,12.0014,0
6,"1b",1,1281,4,1.7172,1
6,"1b",1,1282,9,1.451,1
6,"1b",3,1283,4,1.1704,1
6,"1b",1,1284,9,0.984,1
6,"1b",1,1285,19,0.6476,1
6,"1b",1,1286,9,0.6041,1
6,"1b",3,1287,19,0.7191,1
6,"1b",1,1288,19,1.3658,1
6,"1b",1,1289,19,0.8662,1
6,"1b",2,1290,31,0.6665,1
6,"1b",1,1291,9,0.6036,1
6,"1b",1,1292,1,0.6697,1
6,"1b",3,1293,19,0.6155,1
6,"1b",2,1294,31,0.6177,1
6,"1b",1,1295,31,1.116,1
6,"1b",1,1296,4,0.7843,1
6,"1b",3,1297,4,0.5837,1
6,"1b",1,1298,4,0.8877,1
6,"1b",3,1299,4,0.9039,1
6,"1b",3,1300,4,0.6519,1
6,"1b",2,1301,31,1.0168,1
6,"1b",2,1302,31,1.6671,1
6,"1b",1,1303,1,0.7024,1
6,"1b",3,1304,4,0.8167,1
6,"1b",2,1305,19,0.9847,1
6,"1b",1,1306,31,1.2317,1
6,"1b",1,1307,9,0.8674,1
6,"1b",3,1308,1,0.6513,1
6,"1b",3,1309,31,0.9152,1
6,"1b",1,1310,1,0.9541,1
6,"1b",0,1311,0,0.5525,1
6,"1b",2,1312,1,0.8522,1
6,"1b",2,1313,9,0.7017,1
6,"1b",3,1314,31,0.7009,1
6,"1b",3,1315,9,0.7026,1
6,"1b",0,1316,0,0.686,1
6,"1b",1,1317,31,1.2485,1
6,"1b",1,1318,1,0.8859,1
6,"1b",0,1319,0,0.6024,1
6,"1b",3,1320,9,1.086,1
6,"1b",3,1321,4,0.7046,1
6,"1b",0,1322,0,0.637,1
6,"1b",3,1323,9,0.7367,0
6,"1b",2,1324,9,0.7399,1
6,"1b",2,1325,19,0.6354,1
6,"1b",1,1326,1,0.7015,1
6,"1b",3,1327,4,1.1688,1
6,"1b",2,1328,4,0.7518,1
6,"1b",3,1329,31,1.0159,1
6,"1b",2,1330,9,1.0859,1
6,"1b",2,1331,4,0.8207,1
6,"1b",2,1332,1,0.6201,1
6,"1b",2,1333,4,0.6701,1
6,"1b",0,1334,0,0.5349,1
6,"1b",3,1335,1,0.6853,1
6,"1b",2,1336,1,0.5523,1
6,"1b",1,1337,31,0.9502,1
6,"1b",1,1338,9,0.6526,1
6,"1b",1,1339,19,0.7676,1
6,"1b",1,1340,9,0.6338,1
6,"1b",1,1341,1,0.7024,1
6,"1b",3,1342,19,1.7659,1
6,"1b",1,1343,4,1.2366,1
6,"1b",1,1344,19,0.6706,1
6,"1b",2,1345,1,0.7043,1
6,"1b",1,1346,4,0.9862,1
6,"1b",2,1347,4,1.0556,1
6,"1b",1,1348,4,0.9373,1
6,"1b",3,1349,1,1.3707,1
6,"1b",3,1350,19,1.0492,1
6,"1b",2,1351,1,0.6706,1
6,"1b",3,1352,31,0.6323,1
6,"1b",2,1353,9,0.6214,1
6,"1b",1,1354,31,0.8151,0
6,"1b",2,1355,9,0.6528,1
6,"1b",1,1356,19,1.133,1
6,"1b",3,1357,9,0.8539,1
6,"1b",1,1358,9,0.8033,1
6,"1b",1,1359,31,1.0668,1
6,"1b",1,1360,19,0.8987,1
6,"1b",1,1361,19,1.2488,1
6,"1b",1,1362,1,0.604,1
6,"1b",1,1363,9,1.0534,1
6,"1b",0,1364,0,0.5006,1
6,"1b",3,1365,1,0.7344,1
6,"1b",1,1366,19,1.136,1
6,"1b",0,1367,0,0.6193,1
6,"1b",3,1368,1,0.6712,1
6,"1b",2,1369,31,0.5494,1
6,"1b",3,1370,31,0.8483,1
6,"1b",2,1371,31,0.8666,1
6,"1b",2,1372,4,0.6847,0
6,"1b",2,1373,31,0.6332,1
6,"1b",2,1374,4,0.7204,1
6,"1b",0,1375,0,0.4848,1
6,"1b",2,1376,1,0.6529,1
6,"1b",2,1377,1,0.7381,1
6,"1b",3,1378,9,1.8666,1
6,"1b",3,1379,1,0.6517,1
6,"1b",1,1380,4,0.8386,1
6,"1b",3,1381,31,1.135,1
6,"1b",0,1382,0,0.6681,0
6,"1b",3,1383,19,0.5848,1
6,"1b",3,1384,9,0.7022,1
6,"1b",0,1385,0,0.6036,1
6,"1b",3,1386,19,1.0499,1
6,"1b",3,1387,9,0.9499,1
6,"1b",1,1388,31,0.7336,1
6,"1b",0,1389,0,0.5342,1
6,"1b",1,1390,31,0.6703,1
6,"1b",1,1391,31,0.7837,1
6,"1b",3,1392,1,0.6544,1
6,"1b",3,1393,31,1.3649,1
6,"1b",3,1394,9,0.5856,1
6,"1b",1,1395,9,0.8181,1
6,"1b",2,1396,4,0.5678,1
6,"1b",2,1397,9,0.6362,1
6,"1b",3,1398,19,1.0482,1
6,"1b",0,1399,0,0.7029,1
6,"1b",2,1400,9,0.719,1
6,"1b",2,1401,19,1.7205,1
6,"1b",2,1402,19,1.0164,1
6,"1b",3,1403,4,0.8358,1
6,"1b",1,1404,1,0.6343,1
6,"1b",3,1405,9,0.8194,0
6,"1b",3,1406,31,0.6493,1
6,"1b",3,1407,9,0.9021,1
6,"1b",2,1408,31,0.5678,1
6,"1b",2,1409,1,0.9693,1
6,"1b",3,1410,19,0.7848,1
6,"1b",3,1411,1,0.6221,1
6,"1b",1,1412,9,0.7191,1
6,"1b",2,1413,4,0.6843,1
6,"1b",0,1414,0,0.8357,1
6,"1b",3,1415,31,1.485,1
6,"1b",2,1416,1,0.7708,1
6,"1b",2,1417,4,0.6342,1
6,"1b",2,1418,31,0.7015,1
6,"1b",1,1419,4,0.6374,1
6,"1b",2,1420,1,0.7716,1
6,"1b",1,1421,19,1.4688,1
6,"1b",2,1422,19,0.6844,1
6,"1b",1,1423,9,0.9513,1
6,"1b",1,1424,1,0.7856,1
6,"1b",3,1425,19,0.6488,1
6,"1b",3,1426,1,0.668,1
6,"1b",3,1427,19,0.6695,1
6,"1b",3,1428,1,0.7513,1
6,"1b",1,1429,19,0.8512,1
6,"1b",1,1430,19,1.0177,1
6,"1b",1,1431,4,0.6539,1
6,"1b",2,1432,1,0.5358,1
6,"1b",2,1433,9,0.7535,1
6,"1b",1,1434,9,0.9189,1
6,"1b",1,1435,4,0.7189,1
6,"1b",1,1436,9,1.3198,1
6,"1b",0,1437,0,0.5712,1
6,"1b",1,1438,9,0.6842,1
6,"1b",1,1439,4,0.7198,1
6,"1b",1,1440,9,0.7517,1
6,"1b",2,1441,19,1.2839,1
6,"1b",3,1442,1,0.7877,1
6,"1b",3,1443,19,1.5842,1
6,"1b",2,1444,31,0.8158,1
6,"1b",1,1445,4,0.8199,1
6,"1b",3,1446,31,0.8854,1
6,"1b",3,1447,4,0.8023,1
6,"1b",3,1448,19,1.2304,1
6,"1b",3,1449,4,0.6867,1
6,"1b",2,1450,1,0.7878,1
6,"1b",3,1451,31,0.7852,1
6,"1b",1,1452,19,0.8993,1
6,"1b",3,1453,19,0.6152,1
6,"1b",1,1454,4,0.8191,0
6,"1b",0,1455,0,0.5535,1
6,"1b",2,1456,4,0.6869,1
6,"1b",0,1457,0,0.4879,1
6,"1b",3,1458,19,1.0186,1
6,"1b",1,1459,19,0.8511,1
6,"1b",3,1460,19,1.1656,1
6,"1b",2,1461,31,0.871,1
6,"1b",3,1462,1,0.9697,1
6,"1b",2,1463,31,0.771,1
6,"1b",2,1464,31,0.8195,1
6,"1b",1,1465,4,0.6872,1
6,"1b",2,1466,4,0.7032,1
6,"1b",3,1467,31,1.1523,1
6,"1b",1,1468,4,1.1714,1
6,"1b",1,1469,4,0.8869,1
6,"1b",1,1470,31,1.4473,1
6,"1b",1,1471,9,0.637,1
6,"1b",3,1472,1,0.7878,1
6,"1b",2,1473,19,0.936,1
6,"1b",3,1474,9,0.6501,1
6,"1b",3,1475,1,0.5202,1
6,"1b",2,1476,1,0.6861,1
6,"1b",3,1477,4,0.6513,1
6,"1b",3,1478,9,0.8508,1
6,"1b",2,1479,9,1.218,1
6,"1b",1,1480,19,1.2472,1
6,"1b",3,1481,9,1.5355,1
6,"1b",2,1482,31,0.6673,1
6,"1b",3,1483,19,1.2147,1
6,"1b",1,1484,4,0.7189,0
6,"1b",1,1485,4,1.1204,1
6,"1b",3,1486,31,0.7341,1
6,"1b",1,1487,4,1.1516,1
6,"1b",0,1488,0,0.6174,1
6,"1b",1,1489,31,1.2824,1
6,"1b",3,1490,4,0.9557,1
6,"1b",3,1491,4,2.1518,1
6,"1b",3,1492,9,1.1539,1
6,"1b",3,1493,9,0.7684,1
6,"1b",1,1494,1,0.8539,1
6,"1b",3,1495,9,1.0329,1
6,"1b",3,1496,19,1.3515,0
6,"1b",1,1497,1,0.7876,1
6,"1b",3,1498,4,0.7218,1
6,"1b",3,1499,4,1.0695,1
6,"1b",3,1500,9,1.3684,1
6,"1b",1,1501,31,1.5677,1
6,"1b",2,1502,31,0.5319,1
6,"1b",3,1503,9,1.2165,1
6,"1b",2,1504,19,0.8362,1
6,"1b",2,1505,9,0.9995,1
6,"1b",3,1506,31,2.9503,1
6,"1b",2,1507,9,0.6867,1
6,"1b",3,1508,9,0.7185,1
6,"1b",3,1509,1,0.6878,1
6,"1b",2,1510,31,1.0865,1
6,"1b",0,1511,0,0.6892,1
6,"1b",2,1512,31,0.5829,1
6,"1b",1,1513,9,0.6689,1
6,"1b",1,1514,31,0.8344,1
6,"1b",3,1515,4,0.769,1
6,"1b",2,1516,4,0.8051,1
6,"1b",2,1517,4,0.5383,1
6,"1b",1,1518,1,0.9358,1
6,"1b",2,1519,1,0.5554,1
6,"1b",2,1520,31,1.599,1
6,"1b",1,1521,19,0.9478,1
6,"1b",2,1522,19,0.8519,1
6,"1b",2,1523,1,0.7204,1
6,"1b",0,1524,0,0.7871,1
6,"1b",2,1525,9,0.8376,1
6,"1b",1,1526,31,1.0843,1
6,"1b",1,1527,19,0.8852,1
6,"1b",2,1528,9,0.7693,1
6,"1b",2,1529,9,0.687,1
6,"1b",3,1530,4,0.7211,1
6,"1b",3,1531,31,1.1498,1
6,"1b",2,1532,9,0.7877,1
6,"1b",1,1533,31,0.7469,1
6,"1b",3,1534,1,0.5379,1
6,"1b",2,1535,9,0.6171,1
6,"1b",2,1536,19,0.6171,1
6,"1b",2,1537,9,0.6667,1
6,"1b",3,1538,1,0.5064,1
6,"1b",2,1539,31,0.9522,1
6,"1b",2,1540,19,0.8711,1
6,"1b",2,1541,4,0.5856,1
6,"1b",2,1542,19,0.8507,1
6,"1b",2,1543,9,0.8207,1
6,"1b",1,1544,31,0.9304,1
6,"1b",2,1545,1,0.6212,1
6,"1b",1,1546,1,0.7708,1
6,"1b",2,1547,4,0.6383,1
6,"1b",2,1548,4,0.7366,1
6,"1b",2,1549,19,1.1503,1
6,"1b",1,1550,1,0.8046,1
6,"1b",2,1551,4,0.7346,1
6,"1b",2,1552,1,0.9849,1
6,"1b",3,1553,9,0.9825,0
6,"1b",2,1554,19,0.6998,1
6,"1b",3,1555,19,0.7512,1
6,"1b",3,1556,4,0.6512,1
6,"1b",1,1557,4,0.5544,1
6,"1b",2,1558,19,0.7525,1
6,"1b",1,1559,1,0.7213,1
6,"1b",2,1560,19,0.8841,1
6,"1b",3,1561,31,0.983,1
6,"1b",2,1562,9,0.7015,1
6,"1b",1,1563,31,0.899,1
6,"1b",3,1564,31,1.0672,1
6,"1b",1,1565,1,0.8318,1
6,"1b",1,1566,19,1.4843,1
6,"1b",1,1567,31,0.6807,1
6,"1b",2,1568,1,0.7887,1
6,"1b",2,1569,4,0.5727,0
6,"1b",3,1570,4,0.5545,1
6,"1b",2,1571,9,0.7853,1
6,"1b",3,1572,1,0.6865,0
6,"1b",1,1573,1,0.6694,1
6,"1b",1,1574,9,0.8355,1
6,"1b",2,1575,19,0.7526,1
6,"1b",3,1576,19,1.2831,1
6,"1b",3,1577,1,1.0201,1
6,"1b",2,1578,31,1.4656,1
6,"1b",1,1579,9,0.6858,1
6,"1b",2,1580,4,0.7029,1
6,"1b",3,1581,1,0.851,1
6,"1b",1,1582,1,0.6029,1
6,"1b",1,1583,31,1.001,1
6,"1b",1,1584,19,0.8176,1
6,"1b",3,1585,4,0.769,1
6,"1b",2,1586,19,0.9868,1
6,"1b",3,1587,31,1.2353,1
6,"1b",3,1588,31,0.9177,1
6,"1b",2,1589,4,0.7366,1
6,"1b",2,1590,1,0.6345,1
6,"1b",0,1591,0,0.67,1
6,"1b",1,1592,19,0.6827,1
6,"1b",2,1593,19,0.8534,1
6,"1b",1,1594,1,0.8689,1
6,"1b",3,1595,19,1.2014,1
6,"1b",2,1596,1,0.6212,1
6,"1b",1,1597,31,0.9994,1
6,"1b",2,1598,19,0.5544,1
6,"1b",1,1599,1,0.7038,1
